300 536870912
499289948 499289948
464339651 464339651
431835875 431835875
401607363 401607363
373494847 373494847
347350207 347350207
323035692 323035692
300423193 300423193
279393569 279393569
259836019 259836019
241647497 241647497
224732172 224732172
209000919 209000919
194370854 194370854
180764894 180764894
168111351 168111351
156343556 156343556
145399507 145399507
135221541 135221541
125756033 125756033
116953110 116953110
108766392 108766392
101152744 101152744
94072051 94072051
87487007 87487007
81362916 81362916
75667511 75667511
70370785 70370785
65444830 65444830
60863691 60863691
56603232 56603232
52641005 52641005
48956134 48956134
45529204 45529204
42342159 42342159
39378207 39378207
36621732 36621732
34058210 34058210
31674135 31674135
29456945 29456945
27394958 27394958
25477310 25477310
23693898 23693898
22035325 22035325
20492852 20492852
19058352 19058352
17724267 17724267
16483568 16483568
15329718 15329718
14256637 14256637
13258672 13258672
12330564 12330564
11467424 11467424
10664704 10664704
9918174 9918174
9223901 9223901
8578227 8578227
7977751 7977751
7419308 7419308
6899956 6899956
6416959 6416959
5967771 5967771
5550027 5550027
5161525 5161525
4800218 4800218
4464202 4464202
4151707 4151707
3861087 3861087
3590810 3590810
3339453 3339453
3105691 3105691
2888292 2888292
2686111 2686111
2498083 2498083
2323217 2323217
2160591 2160591
2009349 2009349
1868694 1868694
1737885 1737885
1616233 1616233
1503096 1503096
1397879 1397879
1300027 1300027
1209025 1209025
1124393 1124393
1045685 1045685
972487 972487
904412 904412
841103 841103
782225 782225
727469 727469
676546 676546
629187 629187
585143 585143
544182 544182
506089 506089
470662 470662
437715 437715
407074 407074
378578 378578
352077 352077
327431 327431
304510 304510
283194 283194
263370 263370
244934 244934
227788 227788
211842 211842
197013 197013
183222 183222
170396 170396
158468 158468
147375 147375
137058 137058
127463 127463
118540 118540
110242 110242
102525 102525
95348 95348
88673 88673
82465 82465
76692 76692
71323 71323
66330 66330
61686 61686
57367 57367
53351 53351
49616 49616
46142 46142
42912 42912
39908 39908
37114 37114
34516 34516
32099 32099
29852 29852
27762 27762
25818 25818
24010 24010
22329 22329
20765 20765
19311 19311
17959 17959
16701 16701
15531 15531
14443 14443
13431 13431
12490 12490
11615 11615
10801 10801
10044 10044
9340 9340
8686 8686
8077 8077
7511 7511
6985 6985
6496 6496
6041 6041
5618 5618
5224 5224
4858 4858
4517 4517
4200 4200
3906 3906
3632 3632
3377 3377
3140 3140
2920 2920
2715 2715
2524 2524
2347 2347
2182 2182
2029 2029
1886 1886
1753 1753
1630 1630
1515 1515
1408 1408
1309 1309
1217 1217
1131 1131
1051 1051
977 977
908 908
844 844
784 784
729 729
677 677
629 629
584 584
543 543
504 504
468 468
435 435
404 404
375 375
348 348
323 323
300 300
279 279
259 259
240 240
223 223
207 207
192 192
178 178
165 165
153 153
142 142
132 132
122 122
113 113
105 105
97 97
90 90
83 83
77 77
71 71
66 66
61 61
56 56
52 52
48 48
44 44
40 40
37 37
34 34
31 31
28 28
26 26
24 24
22 22
20 20
18 18
16 16
14 14
13 13
12 12
11 11
10 10
9 9
8 8
7 7
6 6
5 5
4 4
3 3
2 2
1 1
0 0
0 0
0 0
0 0
0 0
0 0
0 0
0 0
0 0
0 0
0 0
0 0
0 0
0 0
0 0
0 0
0 0
0 0
0 0
0 0
0 0
0 0
0 0
0 0
0 0
0 0
0 0
0 0
0 0
0 0
0 0
0 0
0 0
0 0
0 0
0 0
0 0
0 0
0 0
0 0
0 0
0 0
0 0
0 0
0 0
0 0
0 0
0 0
0 0
0 0
0 0
0 0
