1000 1000000000
767494 113415
426595 307761
1156639 387073
1200780 160202
635965 798169
1005307 323426
1048747 424402
427190 2899
25642 1106796
169592 151172
37760 964155
588589 490583
269114 918230
240739 315654
638615 587539
235338 42617
1100514 190358
111815 196317
356520 1041401
623818 846979
1170405 526869
951271 1163509
700793 537784
428828 912846
1064018 260819
9222 132805
623388 636163
338641 597812
447850 426886
548809 579380
621997 1086465
61071 784148
514849 41144
1082545 923022
554249 405753
467007 24996
1188505 43286
581071 202526
649756 207930
468750 544283
211472 32407
668570 477972
610168 834860
45995 541595
1120975 1058018
928732 594804
913336 61604
102748 524187
231458 962570
152571 719678
279058 320091
363378 619578
356489 1001947
1209878 478833
557500 540629
107420 462876
475232 768973
1138217 310374
851969 1085401
927667 718596
847785 291576
353181 175031
699219 545369
1042323 1206065
244375 465061
319536 729279
883241 523433
309629 217298
696131 774114
98992 1053891
301015 788016
341237 956548
51171 310631
180280 263702
982299 903140
1194717 642332
351747 148716
228469 1082282
606979 585350
1050411 55041
784320 851355
909172 904332
1121630 451809
760308 3049
591324 602010
924410 859300
600096 426723
737355 49895
1063733 185651
1088792 917635
1094351 364664
513380 602141
3055 230347
815697 741850
796891 610034
245637 184741
1089073 1115595
1101788 689194
692243 994951
1131345 646344
1040028 67816
494539 840003
424282 1174509
144408 766278
2546 272264
171312 767584
904109 1096897
861628 684693
960927 907164
301447 1211710
180699 76450
1192045 81468
770662 804156
117739 612465
793194 997290
599490 33333
407720 151854
860747 628413
178940 366387
173035 1005156
91372 181486
812767 344347
563424 995482
221278 458644
454602 308599
385049 522725
138578 169685
973841 1111478
42576 909240
225162 1091580
659297 835770
522008 824652
987450 601402
967789 167004
706544 1166390
882260 675208
1019555 797916
112030 479275
472303 367228
210211 333309
390418 926905
630974 595261
25371 528996
222485 389063
1015028 67947
438101 1197783
806684 1208709
594359 960110
661498 578382
63404 1096532
555988 152290
950206 945664
959323 1109928
1011540 596621
929930 215875
677164 5999
135644 104596
633593 842523
765970 161016
979099 390462
372493 565246
92588 951585
230327 713561
826327 221331
102112 891825
1044115 889731
154027 192484
836796 312953
909574 647735
397994 632584
172968 158136
262733 609542
236313 308612
4012 430710
821172 1002284
1101914 983112
718945 728049
975995 1194502
200082 949272
159729 586570
1010686 1052330
779198 1203844
1051181 699097
131080 400243
567211 745004
437524 529074
673001 740179
1048792 700257
665351 909314
695846 1052804
354548 1020907
533205 582009
95143 607877
1091533 293448
414402 1045361
881939 35510
773738 209336
442818 1195522
380013 609168
888556 573898
637357 481608
6036 110328
344970 94606
1003920 589212
1176400 1010321
815477 18399
134792 315197
923074 883066
710898 980071
809681 798856
368750 1125300
869021 475868
455638 1142489
535905 96087
204369 370035
851644 958845
1069173 841726
470716 392064
981276 948527
743097 1009021
1027420 941924
791505 1092958
760272 696596
460915 33212
366452 255418
915102 54844
65097 735202
661939 568371
664458 55119
425155 732228
475321 868828
29186 811183
737631 1078879
811654 499903
293172 503155
979463 1089135
966341 854976
335820 555217
122813 45245
300663 331119
385964 489265
8715 14
102769 1201197
40564 205039
937267 767228
1170440 103
811286 946973
344484 1199626
18161 333165
370704 690522
563906 311333
700693 134416
224017 1064631
1109877 1036513
151881 346830
836095 944924
944938 72229
57674 379194
584233 1047708
133568 98238
98342 1055885
321490 88256
822266 444012
311562 665974
140744 840428
686145 216650
1101202 239034
87914 171087
741984 109467
1206433 732175
461347 428249
34862 361160
274739 940670
307010 92536
940911 858972
233489 1190714
813354 573637
552033 554979
755337 419868
794680 397979
614630 430466
669500 1015210
1186297 500080
143932 291798
1023973 246913
209547 884749
30158 1019705
279007 244409
336946 304897
698253 586017
560979 812241
170126 931743
1021106 158581
112833 256543
654523 95076
525542 907514
706972 53401
87865 729426
1021225 211901
1208950 231797
1116547 363830
917919 202745
447155 681089
520370 1196926
101575 318485
1130726 2871
468998 196938
1105655 835236
626163 1024489
1119565 2737
444635 64934
868471 1179491
693165 685991
432276 490721
722518 33022
396853 425474
628220 157697
373170 849156
830331 609759
928244 893540
430796 466290
663229 377602
747222 899794
242915 553132
90253 157633
972704 146728
110467 534888
755263 159807
650528 338017
371039 1187539
1147398 907431
599512 767892
1151433 94250
704009 972683
184855 766012
766686 1166637
1078623 615651
1049830 214163
767296 144477
1052246 76993
973858 391933
926822 809198
969006 618709
956726 717
1188257 1153918
845597 112014
414290 1119903
748537 229358
1202041 349971
650367 236794
937815 171144
321180 201302
1165601 800686
479547 155258
982387 251529
643463 316041
659624 740493
143451 354533
355250 1163014
1101180 634561
280959 1077891
516426 731026
960384 695250
579605 49211
1036141 481057
186585 764357
500043 758204
1093274 507765
197407 449892
701422 357069
673111 1179795
238920 129133
18050 116983
64245 1132507
551317 1123436
985576 699809
215083 832276
1061910 1036386
1085598 709851
725292 1175900
724505 440371
1198576 911878
954027 8796
458688 1076098
967552 685819
184246 694494
823627 1175047
76278 423166
339922 841677
283746 890659
374716 425623
792283 53570
624340 124184
834035 638442
598590 28570
468942 343576
789838 857479
400659 451766
1062248 62497
748316 859347
338090 348432
307727 932562
890113 696101
1072163 384005
809048 14283
439906 140157
943863 1183765
92197 16437
189263 352451
381022 460616
338576 322237
714100 849964
836114 662798
725296 1114759
758355 216994
565427 1007996
259191 630829
111178 873154
791544 1149304
697971 717725
857882 384840
1102989 672261
223082 585993
938445 729570
1190187 1162482
268967 853851
488063 313011
975810 983068
416459 858561
1075555 19738
562118 1174814
124275 425230
82633 821309
289245 985590
487563 874177
793401 987216
1193861 129694
250071 680639
194457 201192
147922 1188516
826615 168892
16288 1167025
468725 849062
491871 526482
80604 885185
378631 351675
311289 642722
248280 37291
1022881 393922
802483 71909
593510 1044828
708906 380133
595156 571619
307195 958978
931742 789613
492890 1205253
1156527 76990
460436 43562
570044 1159636
363453 952308
838367 650648
77618 742085
313760 1149656
1077963 1076034
1147944 120889
700101 199078
113595 525702
631705 193256
1152234 708751
1032749 938901
928402 402608
13982 309887
353449 403561
1097582 474419
961111 457877
642909 245283
521752 583726
52014 720527
115194 835512
490785 664361
863440 797522
857608 1190887
168391 977035
4419 273561
746846 104873
41865 1037168
131303 1209633
397442 55848
530267 19136
11397 1029408
58940 275626
393736 654306
159081 115076
950589 1195886
644496 1024411
606181 225622
950893 1042320
337987 248037
55983 1119284
758541 342406
163822 802829
796710 800407
390639 1045261
598781 728537
542193 920906
730916 610178
48732 135517
250594 659036
173554 957950
766609 735567
961189 818050
179002 907175
689596 230715
134247 516990
859396 745579
1082793 427173
761964 557603
387112 663751
176536 1152603
857757 520278
1130456 253114
388631 1123057
566341 1179189
455771 639225
909176 274279
1092330 6628
448187 188998
419713 805716
106954 1137784
201995 88344
515517 500735
1058338 69036
267172 61729
1214332 979834
284360 1193844
231206 390721
298026 949201
447022 619838
793447 398751
673031 902793
443805 486872
675870 83993
424093 891993
348409 629967
718311 531048
566167 550404
153825 18077
829942 408753
922971 420997
399089 828523
753628 741716
475165 164680
784518 586039
519174 456571
143612 1112349
1133605 726589
344966 587417
263658 128107
758074 769060
84356 146451
696856 1010770
1028847 650523
593660 385065
806062 177421
540328 1051015
576979 739535
904215 78205
664244 586528
1043099 7365
654099 717802
228640 721095
92761 571952
234444 573606
126914 1106555
37255 526902
321920 961406
396177 268495
653560 885151
1062573 524221
359485 994006
52173 387149
1215490 470848
591761 956389
498138 198366
916169 1169244
674588 1152237
42822 1144809
37047 301733
192536 277266
338552 163962
1125368 979927
32670 660473
1080008 1055930
364399 220614
749004 461213
848363 723884
729117 801178
76199 382485
580852 105126
58618 574337
510823 281269
960462 733206
1034939 553645
365295 997509
695855 761860
526035 703847
898704 605472
1195786 93090
1063840 762961
758558 344433
602702 597093
932655 391169
308039 116067
971329 1008854
1117575 888891
704544 1029947
81786 412646
500675 1199390
981147 651109
947353 865970
1104202 1211387
135491 1007773
1100863 787154
1084499 115525
459958 948951
1080428 627306
552859 597044
247495 331715
124817 860898
68421 3072
567404 26641
1189423 772965
756603 649190
834683 474347
874701 56383
802154 100669
1108442 763151
1084690 937645
1053170 993553
261136 953437
1115127 1047512
428805 875949
1207664 1202371
847517 676300
679373 866866
427891 450323
757672 781161
964735 401562
410293 1048660
1105043 583666
684335 69243
832394 225829
1163474 577025
1104962 701332
1189154 1000892
367036 900483
560680 1088529
1075148 795841
1006526 552592
953842 241298
691621 4531
785692 165981
567544 983677
816585 534675
652725 512221
581464 240260
466089 871445
232718 198107
433823 413811
949087 872065
556796 407225
1030139 100372
430597 1117476
1204452 423919
199601 221371
976038 942543
642908 425606
193532 545978
615037 1210452
41306 1010117
34626 52011
923456 622770
355261 500715
448911 690558
1097007 789085
730694 182246
1032754 438051
1089911 79465
503385 247600
3355 1078612
339787 702986
1128593 979394
1059756 982695
511780 106373
1116490 1209178
45437 553086
1175856 685500
1186216 503277
728219 1065502
638835 419375
136005 609475
1047526 903913
983379 703144
950744 921686
318930 271012
508382 488483
1002261 658717
1175796 421223
61980 380650
374076 471824
1024910 712855
182603 1169649
457174 519399
369149 153067
106826 1185393
579116 542368
230529 992968
480360 410891
866961 748292
553688 965488
238219 1185891
163240 1062071
1017678 774865
1155515 123284
129493 614043
111146 1063975
1017872 1154403
1208186 293749
1196953 259294
979071 1111719
1188471 838163
615379 1092572
1037847 953385
485925 1095739
845475 689056
193579 1039614
420317 618079
927328 356819
14487 222243
836286 401475
249698 143980
832768 481816
775566 51818
1061248 359586
255554 291151
1129314 358951
235771 228273
1181658 528942
1159065 57866
281306 1201968
1025830 788789
941252 474885
366088 230395
1202774 652828
1054303 380576
524556 357693
839509 88249
890203 891708
35543 1149459
224858 270083
163418 291097
53754 888557
201747 399190
1207192 769797
756013 145060
468233 272747
747632 100475
1081006 193733
846561 648105
1028681 1068028
960105 219496
1057881 1087621
297962 118247
51954 732332
536799 333505
158986 1026949
699754 700218
633792 212740
516921 901501
580945 159616
432363 57182
907793 583563
777296 714380
146733 773047
159708 1158242
912122 709798
116051 1119813
22308 754252
270832 414013
747518 824399
635596 342016
576618 440888
188013 869734
89867 744794
904410 704934
296501 670812
38623 121022
369786 1204294
761590 350304
1042930 50903
760701 921298
359743 739300
277800 411136
825150 382052
740835 83017
1175169 1107052
332189 910815
564797 536035
65077 520202
759520 654664
859860 503871
159277 1056021
1044564 898484
783172 529063
579966 590402
295948 144734
884034 875051
820572 655691
572127 696219
313620 1180106
1071406 847346
542409 273037
809072 937979
992565 1107206
546118 408533
446788 536334
376603 190227
623095 606066
1135129 205415
330201 940651
1085385 33728
443163 160533
350609 288051
984270 798119
762473 922736
88715 82138
1105311 152512
1090491 631124
56963 233015
641548 401689
938023 137465
1077828 1088337
13035 849010
588810 485171
960206 682548
716276 919011
1079545 364223
652275 693824
276191 214402
671522 1170929
787452 573049
725561 294621
925746 677011
910027 134684
536373 517093
654558 1085959
492928 1008780
642039 516635
536190 505963
1188512 765233
2876 1030781
179252 223420
451628 1082421
831207 831527
786705 727820
85117 1037114
866119 1108541
569800 345062
479746 110497
627590 1014211
884419 1016120
809148 66397
117416 911731
201943 985571
535052 653606
468635 924839
1148259 537929
1154734 182272
1013799 384136
646340 304574
876072 119136
11925 265841
610903 526439
636937 116110
1130321 1090649
425401 798911
865308 333372
29352 768934
538753 517108
705099 981431
690518 608190
680503 708118
890390 157409
75929 153869
458443 688438
341958 256653
522494 868899
929723 1104020
754514 667781
77063 1101044
684203 203467
536840 502464
55646 1083896
385252 100576
1082007 128784
736974 1090351
582718 91157
998702 201725
355594 257356
480178 1074632
115533 348422
751705 356521
244789 172412
840193 465676
350968 533687
737154 451640
954105 1035172
437700 808378
908954 544135
672919 822952
697552 309593
1150886 944277
1146002 814654
1072010 933837
792717 1035981
918787 1086573
227342 442634
615046 454740
454801 6515
540202 989624
225512 340153
159573 61604
869983 714001
792521 131657
954610 97569
407163 249688
1193966 1186546
785448 342297
810518 658600
13213 176090
46911 387483
364502 932000
921125 1024389
1030904 979548
287804 160174
500327 1105490
1167095 47701
296086 194285
325942 355710
1203415 1088607
122544 814936
785730 1144962
1021644 850894
293742 355426
531517 616410
538278 1057092
773340 112812
1137202 902780
200960 13097
923407 952354
842093 488765
70850 207983
1152404 327820
217914 366936
989928 1012730
611915 205577
884924 646856
281998 181893
71704 690816
91474 110124
701600 603221
716033 629752
316780 259189
1022422 637483
1124222 517741
540890 730078
472445 284947
612767 146124
47444 409097
956211 365065
105026 1037372
468476 352374
68652 989950
465014 284858
1145119 140356
743577 556489
720625 630967
424540 993994
1165862 1037406
1089531 231211
495673 1074332
143527 1164805
95177 968118
161463 290678
190127 142621
714378 1117674
1004433 295153
69352 717238
536481 1073085
1213441 534366
