200 1000000000
1983246 4976423
426595 3955017
4803895 387073
2416532 2591706
4283221 798169
1005307 3970682
2264499 5287410
4074446 2434403
2457146 3538300
2601096 151172
4900768 4611411
588589 2922087
3916370 2133982
2672243 5178662
638615 5450547
2666842 1258369
3532018 2621862
1327567 1412069
4003776 2257153
3055322 2062731
6033413 526869
5814279 2379261
3132297 537784
4076084 2128598
2279770 3908075
2440726 4995813
1839140 5499171
1554393 3029316
447850 4074142
1764561 4226636
5485005 1086465
3708327 4431404
4162105 1256896
3514049 3354526
5417257 405753
5330015 4888004
1188505 3690542
4228327 5065534
5512764 2639434
468750 544283
3858728 32407
5531578 2909476
4257424 5697868
3693251 5404603
3552479 4705274
5791740 5457812
2129088 1277356
2534252 1739939
5094466 4609826
5015579 4366934
1494810 2751595
363378 4266834
1572241 1001947
3641382 2910337
1773252 5403637
3754676 4110132
5338240 5631981
3569721 1526126
851969 3516905
2143419 5581604
3279289 2723080
4000437 175031
1914971 5408377
2258075 4853321
1460127 5328069
319536 5592287
2098993 2954937
3956885 5080306
1911883 1989866
1314744 5916899
3948271 2003768
1556989 3388052
4914179 1526383
5043288 5126710
4629555 5766148
2410469 5505340
3999003 148716
3875725 4729538
1822731 4232606
3481915 55041
5647328 3282859
4556428 2120084
1121630 1667561
1976060 2434553
591324 3033514
3355914 3290804
600096 2858227
4384611 4912903
2279485 3832907
3520296 3349139
1094351 5227672
5376388 4249397
1218807 5093355
3247201 3173354
3228395 3041538
245637 5047749
1089073 1115595
1101788 3120698
5555251 2210703
3562849 3077848
4687284 67816
2926043 840003
4071538 3606013
1360160 5629286
1218298 272264
3818568 3199088
5767117 2312649
5724636 3116197
4608183 907164
3948703 1211710
180699 76450
1192045 2512972
5633670 5667164
117739 612465
2008946 3428794
1815242 3680589
2839224 5014862
860747 3059917
2610444 5229395
3820291 2220908
3738628 3828742
4460023 1560099
2994928 3426986
2652782 4105900
5317610 1524351
1600801 522725
1354330 3816941
3405345 1111478
42576 909240
2656666 3523084
5522305 2051522
5385016 4471908
5850458 601402
5830797 167004
706544 2382142
4529516 1890960
3451059 4445172
112030 2910779
5335311 367228
210211 2764813
1606170 4574161
630974 1811013
1241123 2960500
3869741 4036319
5878036 1283699
1653853 4845039
3238188 3640213
4241615 960110
5524506 3009886
3710660 2312284
4203244 152290
4597462 2161416
3390827 5972936
4658796 3028125
5792938 2647379
5540172 4869007
4998652 1320348
4280849 4489779
765970 161016
5842107 390462
5235501 565246
2524092 5814593
5093335 713561
2042079 5084339
1317864 4539081
4691371 5752739
154027 3839740
2052548 1528705
4556830 1863487
2829498 632584
3820224 2589640
3909989 609542
5099321 2740116
1219764 430710
821172 5865292
4749170 983112
718945 4375305
3407499 1194502
200082 5812280
2591233 5449578
3442190 5915338
1994950 1203844
1051181 1914849
3778336 4047499
2998715 5608012
437524 529074
5536009 740179
3480296 4347513
3096855 4556570
4343102 4700060
4001804 2236659
533205 3013513
2526647 3039381
1091533 3940704
1630154 1045361
881939 3682766
3205242 5072344
5305826 1195522
5243021 4256424
2104308 3005402
