2000 1000000000
2.39499 92.8462
45.4217 98.2107
87.4635 87.8684
98.9673 27.0912
33.6918 77.3961
58.5606 4.84377
2.1683 31.5868
0.537328 57.5788
20.8536 29.1325
84.4775 25.4137
60.9094 94.4876
34.0975 93.7655
66.8186 40.9323
23.4935 56.875
0.0288689 91.5871
22.6034 70.235
25.4417 14.6054
31.5229 30.8636
71.7288 10.2887
50.2788 50.1597
26.9782 1.63127
42.9905 52.8325
96.8673 83.4633
75.6979 61.2586
72.5799 47.4575
65.7336 34.2816
5.15094 93.6717
18.2144 29.248
35.4524 93.3249
63.933 21.1811
43.9595 41.5965
49.0239 79.7603
2.69528 50.7602
18.6119 53.5692
80.3274 27.8014
26.7936 74.6672
84.5705 15.8853
62.0696 80.5127
79.4517 85.3993
95.9586 64.3707
31.0152 56.8333
39.9531 1.14936
90.7989 29.0662
93.1616 18.039
64.8334 96.8735
9.0532 58.8513
72.463 49.2414
54.9378 67.6022
75.522 34.6517
96.7908 20.7975
59.8987 12.8869
49.5978 77.8001
30.1129 15.1142
86.772 90.0788
50.2573 75.6754
10.8083 0.344826
79.1122 66.0802
28.56 14.1542
97.3478 44.612
75.3137 53.0751
1.09507 45.093
32.2898 18.5473
5.85336 91.9511
83.6981 87.9886
72.1477 33.142
51.309 83.406
23.9057 56.8439
43.4979 59.2651
63.4997 94.0053
59.3022 19.3343
75.6722 83.5278
14.6256 98.7109
74.2718 19.2507
21.9809 9.72968
39.6612 80.375
84.3317 87.464
16.2532 8.32511
68.3105 50.3169
62.2404 36.346
90.2524 5.55808
21.9878 92.8076
2.6247 66.4109
82.4988 71.1017
7.80801 62.6128
35.086 73.0289
27.7315 49.6873
49.3419 10.6268
18.6057 6.67978
54.0575 90.7078
22.5616 56.8936
88.7349 42.6117
42.6662 48.8819
6.41953 6.82356
26.9245 2.09493
7.94044 77.3759
25.8216 9.33765
64.1205 53.222
57.4304 53.3975
70.0953 33.2016
0.148594 19.0511
50.9205 70.7245
71.9658 86.0761
88.9516 33.5376
75.8335 89.4848
39.6304 3.09089
89.7221 77.0185
7.69289 51.0614
5.87894 14.0177
32.807 71.7835
7.45585 52.216
7.03714 69.829
58.4162 93.8295
73.0213 84.638
29.5781 8.36732
42.2574 88.5511
15.2268 57.2629
97.1304 85.4378
97.7791 18.0743
96.5346 83.3298
50.353 50.4461
73.203 72.279
44.5382 66.3494
21.8914 87.8069
69.5287 59.8178
60.4448 66.2208
28.3161 78.5496
24.4411 92.7512
66.853 25.5471
70.5649 84.5906
48.1976 78.4466
80.8422 88.1877
76.2836 89.0655
8.19071 74.9226
12.311 30.1157
80.7841 43.8559
16.2464 90.0363
43.4687 45.0301
75.2769 71.3745
49.9354 31.5184
79.1814 55.8937
12.821 60.0384
94.213 48.7543
98.3588 20.7247
22.0928 41.1106
70.7806 16.4874
51.3959 75.9999
0.109844 10.8462
49.7738 29.1096
73.3806 3.82515
30.8936 90.2174
47.7486 16.6015
33.7944 66.0999
39.3585 72.9358
57.2717 69.1165
70.4951 22.9186
27.9668 5.54965
50.8093 3.48693
29.6512 62.4475
51.3935 77.2827
49.5145 52.6634
10.6872 21.5389
3.5016 80.3682
19.6108 71.5737
94.1095 52.1392
2.0341 13.1808
54.8309 34.5679
53.2267 33.7255
81.2249 66.5331
40.0034 91.5047
48.2403 20.8775
67.1199 40.1581
56.9173 9.12521
81.163 62.9647
35.394 37.8452
72.0954 27.7363
25.5334 93.7669
66.4603 81.2674
79.641 65.5724
58.7547 47.9543
69.2459 50.0714
35.2493 92.9058
85.2867 31.815
93.9907 7.692
21.0264 33.2282
63.5848 36.0201
83.0269 69.9049
23.0398 73.1176
80.3947 35.244
66.5852 45.9692
29.7182 51.2163
58.2333 81.2883
90.2951 58.657
91.1774 37.8697
35.4348 34.2624
49.0717 49.6954
21.9794 2.82706
5.43042 79.2338
30.721 26.2386
0.636517 44.2749
95.7955 34.2028
48.864 42.4699
3.14896 85.9382
78.4951 77.0598
9.49483 30.6671
41.4569 42.051
84.2423 21.94
86.1698 65.6701
33.2291 71.2325
81.1052 83.4957
24.3023 53.723
48.263 85.4216
7.63281 7.87241
13.0796 65.9916
68.6004 83.1911
42.3614 6.0853
67.2099 47.8362
72.7271 11.0692
4.7639 53.0627
34.6731 16.9079
3.97279 48.1733
53.92 82.2031
28.2723 70.9269
27.8134 2.57939
63.1199 88.6698
7.28183 67.317
35.5816 73.9913
32.5576 20.2306
91.7602 51.2712
89.7784 17.1503
53.7391 95.816
93.3366 92.9633
4.3285 76.2609
66.5 40.1365
48.5641 21.7636
28.9731 3.23032
75.6933 38.6068
16.0987 43.255
33.2651 26.0168
96.2873 7.59273
82.8251 6.83161
30.7189 89.6663
48.7014 54.0771
30.313 46.3945
47.4381 54.7823
76.7172 43.6887
52.6597 64.3485
90.8492 16.7325
33.8518 56.0744
13.692 59.9288
97.4763 86.3217
1.29476 33.3022
0.507393 91.2148
27.8016 16.6767
63.4087 24.7935
43.077 57.8604
23.3009 61.0102
25.4783 64.162
50.2233 98.1934
76.2638 57.9327
36.2046 75.1359
84.2527 60.8049
61.288 91.9532
66.1761 95.6427
72.9059 68.8042
67.5151 42.2259
29.1294 78.356
46.9768 58.7034
72.9418 13.5707
76.0888 64.8761
56.9492 79.0585
83.4691 45.7795
89.2221 59.4283
75.3919 25.6917
75.2934 33.9346
65.3087 15.9973
56.304 1.81807
37.7268 6.35414
81.611 68.542
3.92306 68.5023
59.5807 82.8379
89.3729 10.6676
14.9026 49.1278
98.8866 68.8323
5.04802 94.8596
2.66112 78.5582
88.5733 55.6236
12.2374 49.0947
6.09952 92.5292
59.7845 11.4126
62.3712 30.3869
2.90183 18.6116
10.1542 91.1348
65.4935 55.3842
85.782 47.8621
54.2513 17.3293
93.6067 17.2679
4.63508 61.2942
89.4284 6.71523
5.40817 62.1056
28.914 11.5716
66.0626 26.8952
37.1703 21.8305
7.19093 97.9487
22.9792 47.2699
91.5117 98.4492
4.74804 70.8955
56.6381 25.6535
39.2351 70.2029
2.76694 20.3975
80.6869 89.4786
61.9665 78.7152
0.71658 89.3564
11.2359 90.8819
97.562 42.3207
32.3202 28.571
93.5125 75.9995
22.03 69.2995
45.6614 30.159
63.6261 97.9069
48.3741 87.2811
84.2373 34.3286
31.3435 93.678
87.271 34.2897
39.0645 61.3437
39.9659 91.5495
78.429 66.7698
96.7298 31.8675
2.65647 70.2644
18.6941 95.3403
69.0024 33.2345
91.251 93.753
14.6669 18.5699
50.6854 23.2396
45.8451 17.999
84.2912 67.3063
85.4381 7.41958
57.0592 97.3194
65.2681 8.28131
51.8856 42.038
52.5223 81.3165
68.4917 75.2654
2.9544 66.0572
24.5137 86.2581
7.7485 79.5818
65.2281 31.0574
53.5502 31.6207
4.54908 95.6552
52.228 92.1125
79.7381 45.0935
38.8146 41.8999
38.9693 19.1678
74.4246 49.1942
34.227 85.3332
68.3418 16.0066
5.78701 59.3793
32.0458 6.20425
53.8403 45.3517
19.2723 12.8851
74.6357 95.7602
43.117 83.7363
69.3637 68.6577
62.6404 67.5312
71.3955 83.7241
86.0859 70.0311
15.4937 90.2741
79.4396 33.1697
48.0906 81.3184
23.1179 75.416
17.9288 93.1714
84.8648 16.2373
0.464074 94.766
34.0169 84.8882
66.2617 75.9368
62.1974 36.6374
94.1933 63.5585
89.3182 7.04435
62.0816 11.4975
35.7027 61.594
4.02922 2.51254
2.05746 5.11117
95.8186 78.1828
89.9819 98.6942
34.4854 90.902
41.2687 57.5134
98.2382 67.8529
67.1124 36.6711
40.3262 24.6191
84.3314 50.6513
6.56025 67.0156
2.36237 27.1757
86.0684 78.1324
6.18522 31.7616
75.626 83.5156
25.6692 59.3982
85.039 68.4958
28.8878 92.4083
36.4023 0.78784
10.7754 7.2944
77.3523 68.6967
52.111 92.481
94.7033 61.0839
53.2395 25.8704
96.9804 7.52342
76.1999 34.5145
57.8349 20.538
95.8354 44.9596
10.415 48.2424
16.8355 76.823
45.2117 81.1075
23.475 92.3419
19.9675 6.72504
88.1843 14.9427
61.2944 26.7463
32.3151 49.8112
79.7998 38.3076
25.1168 70.1725
2.74844 70.1665
56.5167 9.58323
40.06 81.8625
25.6288 38.3124
91.2732 66.4927
41.8077 67.987
79.8016 58.3602
68.5839 67.7268
66.7083 92.3382
42.874 67.4328
64.3225 88.5175
58.4349 30.208
45.1552 1.84399
43.922 95.2286
90.7241 94.1397
13.4827 91.2498
77.1424 55.0335
18.0549 47.8346
69.5398 40.6189
34.2196 35.4129
1.55291 18.9471
27.625 37.2432
27.3331 78.0581
14.8021 46.0289
70.9542 88.3567
38.1161 90.2646
93.806 10.4585
39.5575 45.9704
75.5801 44.783
51.2748 55.3484
53.8108 15.6457
54.4232 33.6419
9.83096 80.1315
10.7083 17.1404
36.4256 1.58188
84.6688 17.5743
85.8824 56.8224
6.83139 49.4336
18.0226 71.5322
49.5121 47.3709
82.5443 33.4837
0.933503 76.6774
43.0637 61.0926
5.20332 68.9136
92.5753 82.6102
12.7406 46.1328
3.87997 95.5741
50.876 26.218
6.71367 90.0882
90.5142 89.5452
30.409 94.7127
88.5701 38.1515
33.384 10.4284
68.6562 48.318
18.3804 39.2181
69.5445 4.76677
21.0033 65.0235
90.5242 98.7126
17.7824 27.9777
54.1278 86.5513
45.6968 35.6609
45.5005 74.0586
51.8388 57.4711
32.6498 31.811
94.292 55.8168
64.0582 16.6057
44.5072 12.6798
63.0177 5.14537
7.0115 76.9727
40.9916 96.718
73.0899 38.6615
22.4715 64.1322
19.6325 28.8115
62.6297 69.9707
91.9328 1.77351
83.0669 2.54306
75.7507 92.1844
49.0608 72.8315
22.8584 18.0264
46.5735 24.813
38.7964 38.6178
69.6782 6.60783
44.3315 83.5407
37.7395 44.373
90.5511 58.0619
8.0579 53.9958
35.7915 62.9658
4.45124 46.2287
51.1376 54.1949
17.1991 0.108714
75.4953 57.5608
61.3233 60.1586
8.24225 12.5343
38.5257 65.0277
26.0109 28.1203
2.24871 90.2203
59.0385 94.1992
44.1057 48.8432
72.4434 34.2143
49.8056 57.8507
23.5319 12.3842
5.66891 80.8235
70.2684 45.3718
55.996 37.3931
41.7458 21.2683
6.82995 20.5133
90.5865 23.6967
20.3065 88.3079
74.6583 12.273
65.607 83.9815
3.26388 14.5911
68.3904 25.5369
7.69764 28.005
75.5593 94.1745
78.1383 81.0793
27.1652 21.2003
95.3811 66.145
24.6464 14.6273
38.8832 48.8834
49.0522 63.9935
35.2686 18.9933
71.2394 47.0717
15.7826 46.6345
15.5824 54.1562
61.4633 26.4366
47.9284 63.8046
76.302 38.1862
25.5706 13.2974
30.7551 29.3461
98.516 7.99725
57.7468 61.1358
21.4481 42.7107
17.7001 1.1095
29.0208 88.6555
26.9008 6.33807
69.7282 89.9504
29.3839 1.17529
97.8346 10.0353
95.2344 53.2979
42.7038 24.3104
14.4224 73.8346
81.5492 42.0963
92.0557 4.97615
73.3813 44.4344
26.573 51.8728
24.0168 62.0154
42.1147 27.1902
3.2056 62.8112
45.4139 2.00764
67.2649 49.5785
67.1414 60.0816
1.7795 41.1949
2.60243 89.7754
80.6136 54.7626
89.3207 89.3042
26.4607 6.47947
84.6031 53.6531
64.3152 42.9998
57.8174 23.3305
2.43344 66.3126
1.29977 80.4619
69.594 4.18697
9.27946 70.6959
37.615 22.0908
90.8734 13.7596
63.6646 74.243
61.689 94.8725
82.5995 23.9589
56.0742 0.107881
25.7626 75.4691
76.4867 39.304
9.65301 93.4128
46.3154 76.8968
96.9591 8.81444
44.185 40.9815
55.5461 76.1623
70.0459 51.7371
58.562 40.1936
25.6997 43.9353
76.521 31.4147
33.1596 0.729071
70.9205 68.3365
45.4429 75.3579
33.4196 81.0844
30.2449 3.01409
25.165 31.8078
48.8816 57.1959
15.5355 38.681
5.10799 42.652
52.562 74.2812
97.9258 51.6013
13.9182 49.3687
26.5269 17.0043
49.184 2.57232
68.0018 0.876605
5.04739 83.4456
45.8869 29.8357
53.4823 34.1599
90.8733 4.2187
42.5794 85.9252
38.2817 26.4325
44.8275 31.8573
27.3144 19.9587
68.8434 39.4111
98.0045 60.9096
73.3576 61.1313
72.6695 93.5207
63.1825 43.3847
76.0297 80.8361
61.7159 31.7769
20.1633 24.1396
77.4501 50.8725
95.8064 79.6822
14.5452 12.8149
96.701 25.9991
40.4703 69.7714
83.2029 85.6077
27.2895 89.7974
1.57428 84.6679
46.4269 47.3414
89.3405 51.1352
66.3546 75.8187
54.3722 1.89767
78.679 64.581
14.5113 48.6478
85.9842 21.9873
21.228 21.7712
77.643 78.6665
26.9251 50.3396
94.6845 19.4196
15.2739 0.28805
67.7456 31.0202
76.4852 33.1701
42.4624 73.3976
13.9603 7.8856
60.129 4.12781
58.3334 49.863
30.0717 64.9872
47.9342 2.9865
77.3596 29.5586
78.8884 62.3122
16.2294 43.761
46.5359 29.6378
59.5539 81.4356
38.4396 47.0707
94.0571 22.287
37.6213 66.5139
1.24422 27.58
83.0129 43.0997
15.8166 19.4724
26.7378 50.0559
94.8873 98.8588
77.4061 57.9051
89.5669 66.1171
38.9838 14.3108
66.8992 78.9041
51.3583 70.2057
94.9501 37.0819
60.1128 50.9783
41.0461 24.2816
39.0557 97.4408
97.0482 64.5062
88.7567 68.939
96.4538 80.4832
83.1386 3.16237
88.6837 63.4445
52.0419 12.3929
31.3508 8.40509
77.1191 89.3055
73.129 57.4795
46.7083 80.4116
0.198667 37.5628
78.4703 41.9324
75.5335 14.773
26.156 48.6241
53.7538 86.7293
46.7631 32.2132
83.8719 17.3744
47.4467 16.4062
58.8827 93.9294
48.1022 13.3251
1.88361 2.92318
2.65334 40.2935
29.3561 59.1254
94.6947 69.7164
64.7696 12.4995
13.1811 11.9697
55.1574 65.2879
51.6993 65.3592
85.078 96.8945
69.8151 51.8476
37.2957 33.6233
85.649 47.3695
88.1006 61.759
98.2873 70.3726
76.8671 31.1102
3.45016 38.1561
1.26554 1.48966
47.519 97.9292
74.2286 13.3592
61.6009 10.7264
83.6158 42.4093
64.3836 7.12027
93.8325 70.0419
81.9003 91.1068
51.2765 69.418
54.0053 67.4109
50.3544 42.8987
2.15695 13.9678
93.3142 61.7649
16.7262 57.5289
64.0761 67.9223
35.6325 32.3309
46.3005 55.0311
25.1261 58.0655
93.8136 9.33987
73.9793 15.3754
81.9821 5.56069
17.1129 76.3213
12.8865 64.4288
8.57794 84.6513
91.3237 73.8519
58.6776 41.2199
43.8872 98.5334
18.0831 4.74527
51.0249 68.196
86.9196 19.3859
2.22011 90.5035
79.232 45.8152
61.2137 40.0622
91.9832 88.4771
8.13736 41.1314
24.6939 64.8892
39.6476 5.98075
40.8251 94.4493
22.3583 85.4724
33.0396 35.6854
13.4026 35.6046
78.7535 62.6417
81.0396 18.9552
36.4045 64.2943
69.8794 74.5038
42.9317 31.5399
24.122 79.8187
74.6122 5.64616
52.9566 2.09447
11.1143 37.0461
13.8699 88.6579
45.5409 53.8669
80.2233 50.1059
93.542 46.526
76.6774 98.7549
39.3051 32.8549
70.4312 40.6646
17.4315 7.22345
93.8143 76.072
2.57549 89.1159
96.6647 55.6614
40.2628 89.2173
66.0656 27.342
9.69743 2.2648
0.17337 10.3846
87.8921 74.9398
16.2745 54.0404
70.5057 94.1676
8.63345 41.7883
54.5193 41.116
65.0311 90.1972
46.401 13.8199
22.6955 4.30395
58.8772 38.134
55.1517 38.9417
24.814 37.9714
94.9091 0.49283
65.1527 70.9992
1.54206 58.6143
26.1211 59.3216
75.6306 73.9285
79.1483 13.4213
39.4208 53.3231
83.9022 68.2714
43.2503 86.7754
22.142 98.3519
81.968 11.7467
62.1923 15.9662
36.0201 30.2373
29.8011 49.021
16.1121 39.3925
74.5045 73.7902
44.4305 30.0338
77.6508 67.4087
76.1002 49.2519
56.9545 61.376
81.1235 16.0684
39.0083 41.4389
15.4283 42.2132
54.696 13.1359
72.842 5.22043
18.3585 2.62062
81.779 52.5798
32.3978 85.4775
8.85622 79.5462
24.8397 78.8652
53.7709 75.3328
86.3274 93.9669
78.5549 34.4159
49.7657 44.4566
91.9806 33.8913
72.8141 5.18061
51.3047 55.3318
96.7073 62.5331
0.667426 81.6318
15.1896 23.5712
15.8586 30.8188
32.4243 28.4831
15.6479 30.3553
49.1752 33.5281
71.3826 97.0516
83.5443 13.0297
77.6058 42.152
8.18002 2.27262
34.1142 25.3113
15.0592 50.9048
57.2146 20.8385
12.5135 53.7687
89.5668 57.0287
76.374 75.9427
24.3314 48.9987
95.6326 15.5362
44.4315 31.1235
81.811 33.793
25.4074 34.9657
5.95545 62.1882
40.2366 33.0973
89.0353 80.5719
8.40412 25.1535
62.2642 3.5587
24.5211 73.0145
86.4885 14.5538
54.182 71.3896
97.5254 9.3381
76.8739 86.5206
27.4157 62.4454
24.4106 88.6877
83.8667 0.496898
3.77412 43.3586
86.5357 88.525
84.108 18.227
36.8117 90.9407
39.3155 84.1708
57.7378 27.0354
5.6897 97.377
20.1514 22.0918
95.2164 37.5321
90.569 3.94724
28.013 1.05371
48.9197 43.578
33.8002 51.8192
63.7862 2.79277
28.745 49.0329
38.5814 51.5675
59.7405 70.1969
92.857 75.6255
21.3151 56.3181
42.2693 66.6813
35.154 37.203
4.67402 66.1749
84.5126 7.16212
59.0203 48.6459
21.8715 65.5363
91.6372 70.8836
19.7481 53.0509
15.8467 2.08095
4.37471 27.6356
69.8975 56.4552
83.99 69.5931
75.1731 94.7544
51.6409 2.30806
44.0138 57.3467
87.3128 78.1495
24.4489 62.1216
23.4703 43.4343
21.0685 67.8006
8.9843 90.687
77.5284 27.0946
31.7918 75.3733
22.0944 20.4297
27.0924 20.9854
74.7028 67.6104
10.1343 69.3735
38.9078 66.8802
81.413 58.588
48.1845 43.7109
94.5415 12.3465
43.2809 85.5081
89.3042 55.0724
62.3256 61.0204
24.8324 40.7591
82.4258 89.1222
79.5061 89.5094
64.3027 79.9125
10.8812 6.35721
85.7639 20.7532
3.94761 11.2142
94.3577 88.3664
36.4228 43.2766
75.708 34.0213
44.9214 46.968
58.6877 60.4269
39.3749 93.2755
59.1549 9.36755
53.0628 61.4782
85.593 74.0348
82.8185 17.4794
23.0668 60.7556
6.32196 52.1838
77.7954 79.0413
64.8302 72.5235
39.5651 18.3504
43.4219 77.1453
6.1422 80.1952
28.3752 61.6848
64.1182 15.6071
12.2529 6.66884
75.8329 63.0796
35.128 67.8348
48.4762 97.1805
6.72059 30.8381
60.352 14.2357
42.6528 73.9889
71.8355 68.8388
2.89016 34.8495
63.1395 88.42
52.4236 58.9289
66.311 96.2858
1.64413 93.8227
65.7655 57.1938
77.0565 32.8999
85.4253 34.4049
69.6775 12.8862
43.9189 43.7793
28.3316 64.5702
9.82598 44.0201
73.597 8.61583
17.9625 71.3732
98.7708 0.555229
56.4092 64.2709
73.1956 82.7999
23.0702 95.6129
16.2174 75.2421
33.3182 98.9566
2.29967 87.5846
53.7207 93.8946
17.2366 3.9693
2.46218 53.7453
16.3972 45.6655
95.5906 18.7099
79.435 41.7414
80.8768 75.1146
19.2822 42.0708
67.1193 49.7343
57.3784 97.4853
57.4609 70.0539
41.2172 12.7033
73.516 32.655
32.2509 42.7461
60.2483 30.2878
76.4514 73.1394
18.0108 11.8936
13.3063 86.6763
7.29861 36.7469
21.0497 62.1613
51.5027 81.9321
59.8452 77.366
82.3443 81.7169
61.4978 30.147
3.28487 68.0205
98.158 39.8948
94.5779 74.2816
15.395 0.0920191
20.0957 36.9888
96.2697 6.14239
46.6735 59.9134
68.8803 27.684
37.7992 94.4144
55.9463 15.4718
95.0612 31.4274
12.0323 22.1363
65.9921 23.4138
34.8444 8.32554
84.5067 14.5489
43.1891 88.3277
25.9425 69.1737
14.8902 54.5774
22.3167 90.0444
61.6132 60.7649
34.7796 15.2491
57.3642 86.1937
2.80088 42.031
40.3308 81.2311
19.2611 35.5832
49.2213 65.668
0.182123 13.7916
91.4727 7.85113
35.9181 21.863
89.6555 10.329
11.3102 73.9186
46.2906 16.4172
36.7005 82.8587
87.254 93.7776
25.0435 0.123663
19.1431 94.831
96.2436 65.4655
89.028 48.6982
74.842 55.4345
47.0465 9.63433
29.0544 3.44967
79.7584 66.0529
65.2931 59.1374
91.058 33.9216
73.7498 86.9894
13.7466 18.6115
26.4688 78.7571
90.9992 41.3918
63.2485 9.65531
20.8181 67.1713
40.0596 17.3068
6.50415 91.3111
14.8855 17.0252
46.6232 37.154
48.6606 7.12553
1.54898 0.833392
91.5961 28.6609
50.2565 25.7073
19.306 21.0043
43.1841 22.4359
84.7263 50.7204
45.8364 49.626
96.4987 63.2531
73.0093 42.3427
58.4335 87.5113
76.6804 48.8845
85.5921 84.7656
5.75812 80.6172
27.4069 82.0812
96.0202 97.0604
95.3384 86.1713
53.1122 6.52317
40.3337 66.7783
87.6593 81.2829
86.3009 9.63058
68.8526 5.4974
52.3046 84.7258
96.5505 69.5256
34.4412 8.53056
50.7871 78.4239
44.7757 49.3198
94.8972 29.8064
39.4443 39.9983
13.0522 24.3918
21.9377 25.9786
26.1542 96.5636
56.355 25.5163
7.8292 14.834
6.455 5.09705
76.4657 7.76057
37.4776 35.1958
41.419 43.4815
21.1783 32.815
5.45381 85.6885
30.8006 58.0627
11.0655 55.2305
2.24774 39.6029
2.88804 50.6213
60.8541 12.7875
17.6046 84.5224
26.4705 80.8138
39.7279 41.8769
32.3387 42.9924
60.8932 82.5315
21.3654 14.2452
51.8166 40.0397
96.8573 29.5025
48.2322 16.9013
5.57218 26.8634
40.3205 95.7137
36.5006 50.5464
30.4671 76.7121
94.0747 15.1755
54.8731 66.8722
77.6882 55.5782
15.7839 46.6229
80.4671 62.2986
36.1059 70.4944
87.3535 80.9077
17.264 74.2826
54.719 38.3668
36.847 7.3594
72.3326 56.3635
98.8022 0.15417
77.9861 76.625
6.19093 0.637337
23.0543 8.37021
33.6119 51.6406
19.1849 86.8392
12.3694 23.5866
1.37081 40.8592
12.6866 69.4184
14.2507 67.3624
23.1078 45.3974
22.4604 98.2176
28.401 66.5853
60.7881 97.439
80.6888 65.4132
10.8769 19.3839
97.4773 79.3654
47.034 90.209
75.5295 32.8089
66.2157 47.4137
79.3378 0.177986
91.9461 68.6385
69.6914 97.8005
44.7945 61.3783
68.4244 56.9552
53.8572 77.0948
18.4386 41.0554
40.0271 28.8486
14.5487 14.835
85.2624 28.2809
0.681518 63.6331
61.8683 65.898
88.4509 46.4302
81.7932 67.5647
29.4622 36.2103
82.515 45.2384
65.473 55.7062
75.4454 95.7532
93.6759 54.8517
12.9419 75.4131
38.9506 18.4857
24.5359 17.9998
22.4145 1.74819
66.503 81.3753
3.84245 82.5244
55.7903 75.8767
40.5064 51.2087
82.1374 94.7794
45.0597 83.7208
47.0111 73.5073
59.0758 43.7927
58.5288 32.5967
73.2359 76.1353
86.5872 30.0386
95.7768 34.1823
31.8599 57.4246
12.6543 60.4717
97.2754 8.76908
86.0954 91.2592
57.8464 48.9597
45.1603 92.0011
93.7943 54.6007
89.1722 36.9947
31.8528 46.8938
73.6636 57.8544
52.8391 13.4306
81.5725 36.5308
16.951 93.8774
84.2355 87.1752
33.3264 36.1926
94.3646 35.8374
42.7012 17.8609
0.503492 89.7927
35.2044 18.0471
80.5005 69.8673
51.3366 93.384
50.8344 42.9522
61.4494 42.0197
26.3114 32.231
7.24535 85.6916
21.8989 90.5569
6.25898 87.7059
47.8485 33.4331
36.9621 86.0705
51.0859 49.2152
79.8776 72.2893
82.0322 80.1834
98.3869 5.709
61.3119 15.8474
17.3393 70.2293
54.6854 73.5481
48.8157 82.1291
78.9865 58.676
5.21904 23.3978
75.7885 10.0318
56.957 8.52857
14.1902 84.1656
10.6784 27.3849
19.6989 63.3379
80.8092 98.6572
96.9863 63.4692
66.2049 11.0684
15.9524 1.27263
86.0932 87.8768
0.79982 15.0792
46.3953 35.1855
84.8452 97.1267
23.4932 53.8088
28.4832 16.6949
15.5888 64.9718
44.5393 70.4492
91.3176 51.385
75.9989 89.0291
2.87349 81.3771
3.72428 72.8159
74.0557 5.73899
26.6805 71.1262
16.2695 82.1715
13.9487 15.5239
90.1605 69.2895
89.3696 46.2158
31.293 60.5436
76.7146 85.5328
59.5089 25.3377
16.3478 66.2451
75.6693 46.6978
73.1239 4.86598
19.6411 31.0615
72.307 16.6316
39.9996 47.87
51.0795 49.6584
96.9383 44.844
81.3876 53.0789
39.2227 21.8791
9.21542 75.9955
24.7894 13.2867
42.6393 10.3418
31.0537 13.8924
1.78245 50.4096
4.89757 17.2548
13.4899 72.0428
14.7631 3.52391
29.2597 97.4595
91.3697 3.26317
70.9897 65.863
55.2721 87.8902
49.3773 50.9705
1.88821 17.4112
62.6035 98.7935
8.66255 17.9141
83.4858 1.14964
90.7038 55.892
44.7283 75.5569
87.5668 61.8566
1.34477 77.7628
28.574 32.7184
1.65106 50.9512
85.6673 48.0538
29.9201 60.4463
18.6913 1.07145
69.2036 7.05702
47.9538 81.0186
1.34407 25.4417
95.6061 0.920222
61.6665 18.6416
66.0326 2.70993
8.98151 72.8213
32.384 78.898
3.56296 58.8501
44.1332 75.0001
82.9751 92.242
32.3841 29.7269
58.6594 81.6185
93.4245 67.0601
43.7071 90.7808
58.0349 63.391
54.2986 80.6502
86 86.1815
16.4786 85.6648
6.33755 53.2314
27.6018 2.11394
98.4482 81.9309
69.6532 20.1331
89.3707 32.0882
56.0795 50.6242
71.1179 13.7017
40.0385 91.8828
27.6034 22.5034
93.2537 19.1001
92.5802 91.498
18.3055 95.2125
73.6398 91.7253
95.8711 65.3105
87.7801 38.4307
48.2873 65.2141
6.94417 34.6804
32.2106 96.8673
96.1119 2.90075
35.8467 28.0622
55.6095 58.7628
9.12022 69.0896
23.0089 78.9534
34.3881 95.7117
53.4958 39.024
24.406 36.0621
94.3774 7.42142
60.4296 33.0149
81.0897 8.32441
91.6278 73.216
84.273 4.73593
75.1023 62.7113
96.321 37.481
23.8141 47.1081
45.8594 13.8907
40.5697 64.398
9.27194 2.28772
67.3404 51.5898
53.1679 4.15389
83.3781 22.7812
44.7518 94.5001
15.4346 47.2842
61.7469 4.72047
40.3196 94.6338
83.1644 11.3911
77.2313 18.567
75.2011 82.5288
3.73456 76.4335
71.5534 56.2065
79.109 95.0437
23.8251 87.5675
31.5259 0.0389989
62.1725 19.9737
2.12937 36.1549
2.0627 34.1197
69.3332 37.4853
15.8365 23.4515
29.6276 56.4314
22.1076 87.1374
1.70202 71.4454
77.5201 38.8025
54.7143 9.88853
67.4077 42.2988
39.2112 44.5573
42.5486 14.9653
53.105 38.8732
79.9899 60.0767
37.3603 18.3947
75.4876 20.6743
66.5836 97.4754
18.9197 94.1035
69.0569 15.5651
2.11805 90.7556
98.7415 73.3775
60.399 34.081
61.2733 68.8938
97.416 60.6516
1.57991 33.7129
98.4477 76.0505
9.38959 41.6534
32.1424 37.3697
40.3702 62.3805
22.6796 74.2985
65.377 34.7714
90.1328 5.78176
81.6614 43.248
24.1334 94.7981
98.0803 2.43424
51.9951 85.9358
88.7678 10.2006
94.889 49.38
9.74695 27.3707
26.4089 87.3936
53.7652 20.8286
83.7828 22.8436
1.64148 95.2199
89.0804 57.1404
61.1236 84.6239
72.6914 57.7645
50.2462 25.8876
24.468 36.2315
96.7827 21.8924
24.4177 3.5825
66.4157 86.6384
31.9014 87.975
95.0816 36.8681
9.13651 6.39399
79.3735 26.4098
7.69911 51.8546
51.3376 76.4505
85.9775 57.0038
24.1758 53.1653
1.40063 4.16125
19.2068 67.7901
43.3267 10.2597
81.2947 25.524
5.55016 72.1432
79.6427 4.06311
79.3326 9.67706
73.8963 43.0253
18.1389 33.9788
18.0502 1.67471
9.43354 97.7097
51.5627 5.80168
7.22983 78.9435
66.036 17.895
9.62325 64.2688
57.3507 9.25682
31.8058 84.7158
9.9933 92.1904
93.4592 94.0082
9.34145 57.9226
77.403 10.1146
16.8091 55.1404
4.21343 52.8986
2.37642 58.8156
12.6141 92.0611
59.1395 34.3392
55.0726 60.3208
76.7593 34.3789
31.5697 50.5393
95.7741 88.6304
96.3223 36.6289
34.5451 64.4786
38.9008 57.1685
53.642 86.0628
70.8109 10.1854
78.1898 22.912
56.549 31.583
93.032 57.4843
40.0154 37.1885
61.8153 64.6413
49.6005 10.2512
93.9967 73.178
14.1565 57.8324
77.2775 93.3998
11.6196 25.5304
22.3313 92.8711
77.4916 95.1322
78.7711 33.7567
14.6923 54.1437
29.4044 41.1994
79.7454 70.9278
68.3026 57.6991
26.0058 12.0813
5.72496 6.12176
56.512 67.4423
3.99768 25.7707
57.5479 83.389
34.1056 5.44572
18.9043 79.963
69.2294 83.1322
27.9571 38.1002
44.1873 51.5031
47.4783 83.2079
76.5832 35.4947
59.1985 9.61581
5.69403 13.9176
23.3271 46.847
66.1162 31.5955
76.9226 67.2278
61.0632 18.5779
13.6378 52.5969
93.4916 38.9344
22.4306 36.9246
28.3879 98.1308
92.7311 53.0322
77.4583 63.4637
34.8278 71.5563
78.9785 23.2137
49.4227 44.8639
47.0992 51.6061
24.8077 60.3044
6.70717 30.3948
10.8102 42.2749
0.528074 6.88953
2.38396 97.5867
25.938 29.0528
49.6827 21.2128
30.3986 91.1573
61.5369 2.2305
49.7142 39.6003
31.6817 72.757
17.9176 57.7792
70.6381 47.8113
40.0717 91.4281
68.4627 54.626
93.798 28.2103
52.5297 40.294
18.9958 39.9507
33.9598 68.73
31.1286 40.3435
77.0758 69.4989
75.0828 31.1915
21.8672 11.1825
83.5222 52.03
49.8007 13.2964
44.6988 11.7889
7.1155 71.2813
91.9024 83.6151
13.5413 5.0017
17.1872 32.117
95.1179 25.8867
54.1 44.4131
0.517333 42.2645
95.4567 35.8414
73.8997 0.235582
65.0195 9.13923
60.8867 50.1893
89.2421 77.7134
61.0254 53.715
17.6934 46.3077
66.6905 61.9028
93.5914 96.2075
39.4075 38.2659
4.85756 58.5533
49.089 60.6706
57.2779 59.1939
47.9279 0.783846
8.99724 42.6508
77.2374 9.54133
60.2101 1.20003
47.5968 73.1493
95.0698 2.14233
74.2585 69.449
71.5704 8.51487
98.7026 54.9668
72.4142 53.4399
16.3537 95.9015
62.3166 94.0692
8.44489 67.2974
80.7612 11.5105
96.0041 18.324
66.1003 33.8092
41.8039 18.775
23.7565 98.9177
82.869 79.5364
71.4315 6.98097
56.9972 36.5703
27.6494 24.5331
24.6956 59.5901
37.9474 73.7033
78.4704 23.9021
43.7482 67.6525
79.8654 61.5645
36.2385 50.8787
22.3546 40.7648
37.9332 49.6179
57.314 80.3538
37.1594 37.1121
76.9295 97.7463
46.7707 14.2258
66.8287 14.097
61.7842 72.0192
1.51328 62.1032
71.7256 11.2434
68.2103 77.5211
61.7012 32.3575
68.3167 15.8634
30.2805 87.1092
58.9699 9.92751
53.2233 21.5226
96.082 83.6646
39.0566 35.5003
13.7808 73.2395
19.7095 15.2171
70.0773 83.0745
76.6681 52.4696
22.5904 78.6367
62.3089 64.6198
51.1205 7.91988
34.4171 26.7727
52.8483 40.3164
84.5923 86.4197
36.3426 32.4782
15.1695 77.4427
46.1689 14.7386
94.0362 10.5557
25.8086 71.2821
59.4913 70.2689
74.4185 19.1592
63.3672 20.3802
83.886 66.5678
89.6496 83.8861
55.5975 15.3161
64.2304 48.2656
2.33737 8.08419
76.6023 44.2437
58.14 87.3937
92.4893 61.168
29.8641 86.77
21.5574 10.0557
35.649 48.5294
22.1876 76.4274
35.5158 10.8934
74.1812 97.5778
23.1369 45.3065
58.7623 43.8561
25.0514 53.805
30.434 86.0782
9.29836 86.8776
4.09084 97.6476
47.4388 52.4074
70.7411 96.1999
89.3593 89.7302
19.4965 58.5568
25.8718 36.9806
82.5617 60.6463
57.8915 26.6064
67.0001 98.874
12.1388 23.7548
84.2589 42.4679
98.2315 64.3591
81.1008 82.011
46.4269 1.65436
26.3897 54.631
24.1141 78.514
90.1588 37.7602
17.7616 92.6219
86.4695 94.5636
84.2006 59.2826
56.2397 98.6535
25.2149 36.0995
3.922 31.2834
81.0686 58.3488
50.3585 93.8858
7.51808 60.1104
22.5943 11.8085
0.342583 4.95102
19.2244 45.6286
29.8123 86.6235
78.7202 47.9719
52.3573 37.173
44.6815 43.6393
84.9409 34.0947
77.1186 76.6794
21.3446 5.40498
71.4609 63.8857
6.41963 12.9438
2.07781 81.464
68.0931 64.0941
3.4098 92.6803
58.7095 90.9383
76.9485 45.7621
7.58016 58.7973
19.6916 44.551
5.37149 29.9683
39.0763 36.529
84.2977 84.4117
36.4024 92.0416
10.7293 15.2695
6.06347 38.7289
75.8015 68.0138
52.0349 35.4334
40.5553 36.5608
65.8209 5.24688
70.9641 71.6908
94.687 56.1369
38.8736 26.2295
63.2324 48.9233
47.3879 19.8886
82.2399 29.5107
30.0964 84.0472
23.5632 68.2068
49.0914 79.3708
93.2978 43.5061
46.9409 77.7753
57.407 53.1121
73.513 47.2145
40.6105 74.9511
18.8939 2.68457
59.4909 9.51624
62.3231 68.804
70.8095 42.4208
36.2564 81.4316
18.9406 4.90609
43.7471 51.7326
26.0639 77.5929
62.5245 30.261
47.3879 37.7122
52.1018 98.1874
33.1647 2.67231
42.5873 38.8805
27.7904 75.5466
31.1855 60.3732
50.1266 3.27268
69.5887 26.9958
86.4188 40.2929
82.0183 71.2655
40.312 8.09352
73.3609 16.0503
6.49197 0.57633
63.042 98.8025
19.7917 15.529
3.67289 8.22288
71.3799 31.4755
5.67777 87.7759
20.2533 94.2613
25.0875 84.6538
37.2373 98.1739
87.7194 14.4492
94.9424 17.9007
65.9327 8.20158
36.269 38.8873
42.2677 42.3246
45.1791 5.7426
35.7722 4.34333
4.5043 13.1039
24.5948 62.1243
79.8418 50.8814
69.8938 73.7916
45.9916 30.5755
25.2222 87.0663
66.2186 75.9821
4.33574 65.4675
25.1778 88.7484
82.2777 19.1309
63.6583 33.651
27.6322 27.7344
97.7238 13.1023
11.3425 81.6278
92.6189 13.7409
36.1847 94.8209
13.2396 83.4741
35.8451 11.1528
77.1871 12.8624
70.4021 20.4617
75.4965 13.0351
73.9257 96.8911
66.0426 85.9597
82.072 47.4554
91.8935 96.8709
68.9599 59.665
91.9463 71.5923
24.2784 97.8538
95.4599 0.00811604
60.7752 27.5375
17.528 5.25301
88.287 53.1525
18.2242 23.8506
78.2563 70.2859
64.7308 73.2997
44.9123 44.3174
74.3271 16.6059
37.6107 10.072
77.3961 4.37921
47.8485 71.8117
57.8951 88.3561
41.5452 34.399
27.028 61.7496
93.8526 19.2277
59.8279 81.2517
72.7214 63.466
36.436 88.3442
85.3848 92.7213
70.4728 59.7545
0.0233579 92.6909
29.9945 29.8378
1.25893 56.4797
10.7375 52.8236
33.9779 63.7272
64.9826 40.8905
17.2796 67.0264
85.0128 50.6951
16.0907 77.2794
61.7207 53.7636
58.4644 16.567
80.4979 71.7035
82.3884 76.6076
3.50523 70.2401
66.0743 2.36189
83.178 78.8154
3.39665 13.8922
15.2094 16.0955
11.5409 74.0443
61.1399 71.8097
46.0928 87.4563
21.1034 28.0536
69.5525 0.380227
57.9134 63.5366
33.2971 58.9549
59.7763 61.7791
97.7214 29.4519
1.41432 5.31112
65.9151 98.2977
61.6427 90.7562
73.9901 54.5739
38.3047 19.2911
89.777 59.233
20.7415 26.8493
75.191 87.447
78.5392 98.4566
59.6268 6.83737
84.7156 80.7817
53.1997 57.0777
44.4895 34.9353
97.2838 92.8997
73.5351 5.89356
97.6445 27.3002
65.1403 31.6887
14.1063 7.31841
87.1683 20.0413
1.59784 16.9744
57.6653 67.7497
68.188 40.5045
2.33494 59.6429
79.4942 90.7083
82.322 56.0294
55.3952 14.0814
34.6033 64.5272
45.394 56.8949
96.1336 12.7308
47.699 63.2712
21.1524 41.3964
47.5049 39.8482
62.8483 24.01
31.3455 34.3792
15.3662 92.0003
3.23309 64.9014
45.1762 74.7356
78.635 79.6379
64.3839 83.5318
4.34742 70.3667
33.7663 17.1145
91.6959 21.4523
88.065 30.0228
45.9802 93.3795
48.4792 71.5913
35.3082 98.1436
61.4731 90.9685
65.4663 1.46487
41.3479 58.09
47.1606 12.7224
71.5215 80.6391
43.7617 50.9562
55.7094 27.8693
17.7161 75.4367
83.3778 28.0649
46.5779 81.4472
41.503 10.3077
36.1409 60.2603
98.7817 27.0376
45.0802 96.1879
17.2085 39.0998
97.2037 90.457
56.7348 80.2911
8.56579 73.2522
40.5933 88.5152
7.35576 29.9909
18.2354 26.8354
64.1698 2.41642
29.6215 13.8862
54.0861 60.9546
49.4108 34.3856
55.1696 8.58082
78.8077 70.9223
3.36963 24.7223
49.7861 28.1162
38.3703 18.8187
38.0667 39.9978
31.7994 47.2882
5.00655 35.3147
16.1729 53.9518
66.8216 73.3469
46.0646 96.8538
15.8846 1.04225
36.7516 85.9282
36.2453 21.2809
82.9114 98.3923
1.93857 57.2163
24.1297 44.1071
58.5191 81.3931
64.3803 48.6268
86.5487 11.3764
4.15481 5.21595
0.494675 59.5135
46.6451 16.0681
27.852 67.6212
11.637 30.7185
51.7976 21.0018
94.0371 66.6523
52.9988 6.22331
63.1629 68.9574
30.1483 78.33
39.8314 53.2285
61.7617 82.1288
60.7877 58.1939
23.0666 69.9964
17.9719 43.9828
44.6844 36.0753
57.2501 33.9209
59.9627 88.0441
71.07 26.6408
32.6594 71.0841
60.0908 88.9481
57.2097 61.8456
91.9225 17.1141
4.83954 8.94712
72.4835 77.9851
67.5782 10.6986
91.6271 60.4805
47.8547 57.3687
17.3476 98.1527
60.301 90.5639
91.6126 19.4853
68.7131 30.0955
10.3471 61.1644
55.6419 23.4937
95.3035 86.5524
16.3135 34.3825
22.3679 94.4432
95.4109 66.9033
61.4917 10.9083
16.5925 77.7973
58.8949 73.6081
74.3257 32.4136
32.3102 90.1967
90.8676 54.2017
78.9798 66.902
64.0283 56.5443
97.8501 79.4923
85.3855 7.2009
41.7007 58.2154
24.9378 57.695
20.1882 94.7022
24.4077 71.7134
86.526 36.0995
87.2823 17.9722
69.459 74.9486
96.7086 21.4031
3.62297 74.2448
33.885 72.8515
30.041 12.6245
48.9215 10.7824
91.1479 33.7612
6.00683 53.693
42.3342 44.7464
76.1425 44.9215
26.7957 4.19091
26.1302 28.0688
76.3907 17.5458
56.4941 16.4432
36.7932 77.5599
82.2347 22.2819
71.6466 14.323
25.7125 64.3421
2.58775 7.9234
22.4556 91.2431
2.54661 40.4185
94.7005 84.2355
12.5949 45.2604
79.5631 38.2619
83.2856 86.4778
90.8703 73.578
95.8033 83.8339
80.9694 41.0668
21.0951 12.6705
24.1929 68.7416
46.2099 39.1806
71.3885 57.8656
15.8326 23.8162
2.03662 47.0165
84.0696 75.2267
95.1338 6.0773
81.1942 63.5432
21.6256 39.0376
97.7116 47.8212
37.1413 41.3476
38.2866 72.4419
19.3099 87.688
50.5568 2.113
16.3986 89.131
54.3676 83.578
78.7794 1.41133
25.3488 53.3514
19.3879 50.5831
49.1913 61.2363
0.162866 83.6473
18.9211 12.2351
64.1097 26.0343
67.3544 97.9846
37.0594 68.9276
70.3802 17.786
81.5266 84.7046
25.2928 77.924
56.4509 97.6598
