5000 1000000000
39436 116383
186265 67377
184735 147143
230892 161386
151621 69699
34927 81962
77959 182540
187276 6263
28176 136440
171736 151672
38618 234761
105129 4767
27380 189332
241123 72962
153085 104767
238302 44429
128958 192522
113667 198569
116806 70543
140242 118561
200523 42429
224969 192321
215737 52484
188924 186248
94770 17915
9526 134663
139430 150541
96723 114656
204770 183962
62731 94696
139125 114705
64077 57884
30455 42086
112629 194896
70307 164413
223995 26874
219195 44832
97317 205814
166064 208934
226850 60243
212058 34837
185378 236376
125034 108338
49151 56103
150799 86654
201360 111882
186918 63926
106012 39439
234336 234526
155789 235794
36670 78645
123478 136634
116451 29867
238802 237947
72192 56517
108506 222502
232880 41101
166591 67886
123989 114765
201419 232894
118779 48790
112717 176781
216221 62547
71075 235881
2527 224559
77206 867
154653 39197
69065 217836
212633 45106
101624 81869
61221 58828
99929 227282
52019 68103
182868 23370
13115 176008
224799 158290
109073 149046
228745 111518
121401 99296
80705 56671
57538 123929
180278 175064
149750 212191
31300 6193
105214 119234
195214 132924
117056 183587
8541 51993
92515 186227
119086 191409
123701 122782
28678 117887
3407 232775
88921 14274
70945 124808
5587 186779
118693 145635
131828 203018
209211 25293
161679 163128
70054 71276
11713 113743
182888 204263
147340 37406
2818 32254
172188 40428
175467 126519
133296 200867
232293 178874
60533 239370
182999 77240
222875 83272
43140 75694
118139 128705
65836 26354
114782 36669
167564 153042
131307 143647
181054 124455
173861 35498
93078 183872
84393 102899
77768 25396
221422 217690
213910 66911
144151 38805
139230 170911
3455 141028
43736 182370
225876 121594
175415 109572
36616 97508
15158 116982
241437 167924
220574 196212
154086 189300
49049 70502
113050 238479
230171 126818
210881 91323
147280 200931
145844 111883
26913 43360
225731 149299
44896 70649
197373 225609
79968 237463
111295 233990
175916 95126
65340 126734
72884 153340
223842 219426
231907 139086
39906 110895
202218 218929
193862 7637
136672 106348
149709 113709
37010 163586
8237 149442
131901 81906
93372 222763
230755 229021
98149 221819
105404 163521
73711 163489
156917 195440
108528 71555
182450 162827
155758 148434
173224 158670
21869 123622
237331 66746
4334 188730
95022 31192
130250 12572
235335 925
3949 223622
202292 222940
160463 102098
39590 81698
51140 234174
79731 213659
133336 159669
82105 19032
194854 45944
186719 12179
78926 216723
179455 180900
212092 83260
112984 48479
49405 99193
96817 122321
119263 53354
172604 73111
154809 36576
44752 212194
199856 223102
139621 124484
160668 90042
153139 238878
7908 112372
103098 96708
34458 103986
204398 39403
87883 20553
136898 74233
196554 154440
224946 7717
80829 72668
126396 154400
140597 235638
215590 171149
52483 97303
204497 129213
124942 230303
99525 114486
228346 150002
10838 219775
16029 36807
57360 215236
63471 121064
32354 211410
219127 34028
123848 14150
185702 56806
66447 7094
178243 83149
180452 56039
185253 4728
235031 141800
30288 84197
8201 108559
85184 15485
52292 19039
8277 118365
239429 126804
95064 71749
122929 45785
59935 88193
145000 3627
10721 2488
102789 228599
41488 206117
210845 40092
199044 743
84940 219879
102440 229332
18819 93141
129332 204776
79992 71111
215067 137610
226511 93423
139209 66981
155175 106290
109917 216296
218784 74177
59626 137790
100757 78424
135668 101114
101858 85605
79486 91562
94896 203950
71094 181926
143552 113716
201979 217578
129190 240696
90970 173897
14880 112551
235993 4181
220477 187207
35386 119912
31705 213264
65690 95012
213279 132462
235219 218510
84074 89139
67091 71555
27483 178970
66688 155337
129766 188188
185734 42670
216567 15806
145510 50706
54887 5449
209809 155505
32268 49367
36633 2045
97058 63973
213587 102323
77683 84339
173478 205657
51214 161757
114729 14571
169909 95850
40888 181418
224088 56525
89483 624
51331 214657
237258 234993
147349 123370
189889 203917
205963 196769
34744 226522
102847 77023
161362 5181
227990 197682
133441 108842
140565 53207
149057 5021
203591 67324
141001 207097
207721 201681
190340 4487
239480 33054
156425 184448
145216 160831
131602 120316
103689 125181
202204 166346
188680 223688
178221 137568
20412 173520
729 68512
90685 160977
2304 149786
113733 51126
26809 160457
164944 95457
128511 217149
175600 178427
113260 41786
179255 94818
219999 1713
185211 39794
37484 196205
107775 130741
78264 215705
41068 145339
80318 78993
2782 148905
200032 82622
243080 133667
229124 843
217993 182026
117303 114486
173424 150443
19263 230564
232277 109529
166475 239262
209469 174338
79082 203960
193667 74094
236585 157346
10341 8737
157643 73753
173528 13123
146791 114525
115368 190610
129486 149917
38405 107363
31808 3640
234204 211830
95361 51071
64335 240483
188823 35839
13801 30654
121900 24755
199253 207468
216206 115335
189089 209595
239870 130699
19226 119467
66927 160663
67431 151746
15960 213565
217205 105836
91668 64920
115992 225411
239896 204182
240021 197479
228134 185570
227477 10672
218140 106884
239372 200733
184330 208348
95897 202463
78780 181050
98564 115123
40872 162859
133274 183147
62985 56832
138904 124482
106743 154654
115686 28898
226378 103490
63062 129709
157533 211362
92248 64541
22124 132523
97722 105622
64935 206454
161507 210771
99897 143715
80576 16921
200068 140769
214753 213851
95183 19903
191709 110507
139406 219078
96570 81397
228258 122634
107998 176784
241326 142641
32015 217398
79871 37452
17909 146889
114510 144806
62524 179416
213489 231559
129178 143100
130953 187559
224614 100781
211289 138
219217 190326
28573 124697
4181 72637
6272 13682
173475 129331
103579 21600
76204 205490
126381 183450
85107 94113
47531 14894
3303 147631
64733 17870
222581 132482
7265 195687
195825 204046
151222 218554
100101 171892
18532 196947
227781 121434
7615 41956
80708 158107
137599 111195
68647 156912
7876 37983
52877 153754
75387 72559
107582 73332
222966 140121
109810 87013
65061 230232
205636 62485
8380 233435
187233 79740
218326 44064
86020 189016
121125 225942
111139 166728
80490 15575
70710 179786
107543 105518
178078 123587
214071 200082
114205 42510
146675 193888
180970 224015
60503 211737
202022 160608
14350 68883
112947 163257
126276 232677
232621 216119
156849 4251
36978 100610
54398 237339
116860 107688
5277 179093
136026 68940
128602 219349
170087 7081
5099 32127
17866 107907
42517 65602
134485 237041
157148 56868
46395 21434
11555 57426
61678 35866
153628 168404
162593 115808
223497 225178
161122 53455
122395 228774
222125 71150
95383 7847
57127 149062
30971 100482
166084 74993
68884 73489
147509 74571
113157 35
57461 193904
3772 124712
49966 136291
8950 174552
173732 229712
40017 6449
235223 91704
180006 179565
204564 231351
137263 32240
132722 18541
110687 185387
32878 72809
147380 179571
179606 180387
131141 34540
159252 11070
147361 152065
83467 209219
212933 156311
179912 31201
122906 9800
206517 189138
177339 76914
109154 167932
203625 88604
30841 15879
88688 71162
24736 63719
956 10070
44610 221494
232564 149249
58164 221015
204236 136776
67089 158783
189985 174019
200971 3852
192990 86893
180959 164339
106273 144331
232935 46964
79995 66748
155063 20627
101498 168683
195905 179799
158143 102455
25706 14518
235533 164710
58336 101023
33808 213771
144640 142577
163581 240945
101840 102461
23650 130573
31754 39650
86614 147075
213824 38692
59319 166609
109294 142889
79538 177969
54426 79201
93719 11683
176393 80133
181156 103254
73875 8731
168461 232116
229912 235667
94979 88892
236618 88602
128252 135781
39707 42374
81066 232018
155477 27533
170422 157537
92357 38773
117975 23962
52797 146783
918 228846
106103 229191
11924 199226
188193 197130
189648 180385
43280 174955
37559 58629
194410 36748
96274 165812
154680 8119
35652 177341
108880 84160
122933 223226
21190 218389
122023 240908
607 73988
77181 140093
96170 106710
60690 89105
26341 41213
233320 7188
65817 69621
123521 27729
210693 34230
42349 219795
171138 122224
223536 95154
92382 36869
29260 103319
118230 113573
204713 151283
65379 118837
242699 38744
145001 161549
219914 60239
84580 171342
14965 227236
11815 167549
218931 138486
132284 239661
135887 35283
130437 60272
114293 116273
219592 222819
110394 143554
68839 111824
4663 89109
127853 134218
69769 4212
81604 29705
218199 46533
30619 166184
107735 233165
145653 59587
73250 100669
135952 34787
112212 209137
82260 23239
20060 226505
144061 75854
187679 147607
236716 230053
121121 192342
196555 138572
185429 208043
28578 52161
235497 160478
167645 76350
135937 100082
200751 70149
104936 226339
192326 93553
133944 217148
217656 31436
124442 171157
75614 118567
105470 68971
35316 69180
224904 594
208637 5873
58034 167183
84512 11217
87567 50381
167615 26159
96308 240656
223845 142369
235922 201245
192395 173021
221609 143869
71876 166901
59471 102902
189025 147490
233822 182093
199839 224341
4216 215577
156762 182478
193696 62250
129783 241274
41436 38113
35620 54249
196618 137744
112991 16315
206489 206542
124413 62237
3140 184948
61852 196289
117781 79763
18707 7728
6071 108454
98033 218546
157875 10288
89690 11645
26922 108421
146534 236626
47725 68358
206102 199306
215622 18345
242039 93096
155333 178961
137911 123303
76442 175625
12239 216916
224644 194224
76680 30946
23494 4717
32157 174713
203510 181369
63792 139000
132476 230432
55640 227479
183635 197353
215698 35745
128841 156107
109070 214587
94740 58176
233801 20984
237900 171183
139409 20042
68140 236546
241263 216089
164804 91635
47006 47423
186423 125164
129599 127951
112280 92901
47104 185239
238136 52765
226025 19652
8241 140979
216307 109097
130081 120134
65319 224111
1003 124831
118227 204728
194819 69144
177931 133493
198068 116473
15639 224937
109738 158493
8244 145238
104480 239170
48786 55348
92152 116618
14448 48813
157910 117545
237679 230755
211716 44842
186825 59848
38578 229872
55866 61903
212548 233397
123872 233797
232736 167466
82809 139512
41600 116477
112497 91053
163553 163232
36701 178435
227248 29707
164404 51149
55906 159161
204003 158934
235934 41625
28347 147678
226733 31363
21610 101365
109164 196131
120447 162635
58997 98750
232379 220408
85463 117749
54984 118879
54164 5866
52725 91685
159986 55415
214576 217130
150066 215892
31519 175429
97109 160002
191365 59866
178383 97845
50826 230128
149613 44397
160300 188426
182836 225762
117513 149529
25258 25150
31016 172497
21032 96575
151990 100894
92026 198170
188065 140568
89999 16094
176096 219584
53453 187108
41803 124312
128442 231836
33084 109782
72210 52057
34669 193384
116915 11896
37046 169334
98682 142174
12751 85215
203261 136866
91887 181893
79311 52137
68231 36802
30388 169310
130420 18329
159793 83841
72528 172224
56008 45085
97142 105612
55846 145370
157266 148963
92300 172761
88937 211465
70682 208134
101850 118840
57583 30793
82930 210889
21693 136894
63054 168313
203794 52082
135923 193475
139701 120438
165523 208451
88065 212861
115081 36668
202783 161063
107827 46349
14664 69085
34069 196764
89607 85346
133291 153072
120811 147190
58087 233373
158536 159657
211739 138293
105770 119181
13621 121664
104118 2321
232334 196296
232964 192183
110097 121417
167767 209750
35685 217924
188690 199583
58932 86907
239979 52299
199490 192223
182447 134792
51299 31579
169872 114985
8168 37040
158705 32493
51966 21789
218086 36825
3010 58303
179720 225052
208804 113107
105033 104337
60771 1340
88247 67726
137177 136855
85928 102228
237020 110669
142248 42377
157363 45170
82210 68971
118616 182683
204473 14917
51742 170582
228885 196561
178463 54753
185012 182608
43795 144118
162610 64048
148926 121718
15423 24859
127087 42953
153623 118504
160881 120957
183279 69873
138844 92246
31780 39492
54409 31462
219197 10255
206816 123304
195209 222084
161542 159281
77401 154223
218271 205338
101058 14013
38872 141199
201305 133634
26140 183111
78071 128930
198803 204173
53270 18200
57692 111650
143112 102202
112457 129254
9408 119159
98094 93275
26558 204617
115690 16486
238976 103960
117973 107964
23165 114037
4521 173998
113959 224470
110250 47813
8836 209182
227383 65904
194706 79258
181460 59077
188331 94668
213828 67919
178346 214891
176358 85924
102410 204905
65715 66051
191167 115389
229426 200840
131688 214332
212805 7949
55762 19650
228832 97057
162961 64598
143857 230217
63297 131669
226338 99319
167239 8478
223370 214168
56942 102435
81342 173730
13783 176504
48743 147057
121900 204950
193285 52171
60120 10438
47240 162940
16847 133034
197633 50075
54294 196961
85480 115492
231963 117591
126070 85820
56838 173204
49642 123442
54022 113780
47135 130984
52044 84958
46758 113030
165202 173944
201534 14045
194137 225322
115207 5625
72852 210985
181948 86842
219486 127146
18740 41430
127251 208299
155506 161962
42254 184089
71872 205148
92982 113428
215538 119007
232037 145026
75820 19147
50344 154089
153414 34205
56982 1332
229469 42623
129465 146986
48134 168267
226849 122953
105254 66874
228836 110950
69042 17610
222758 45092
175673 140914
16771 72591
234769 148061
184360 22810
194052 67440
118797 234705
10039 104316
146939 192931
96767 239508
164625 50406
190511 144901
228928 148324
33277 52615
70226 231766
50861 102319
83 49834
139577 536
165749 34006
56816 131197
215789 106960
115667 24870
129186 91436
41217 142858
139216 50127
117685 155136
56887 77843
169 65046
117662 59817
48434 33446
152917 205040
11724 99295
99831 153000
204158 151302
56501 22430
146542 17825
59847 29140
120576 36211
179069 189034
13163 178945
90931 75135
170130 148001
213047 164970
224788 170300
203746 104711
66601 47224
146519 113514
40516 95478
20782 20352
42782 1525
36502 77283
106423 206477
16690 96349
59385 1001
179946 195760
44897 72549
237702 44879
209849 215028
142178 207599
86313 208639
12713 119926
233440 170066
22394 176384
196736 47959
49484 43176
120459 13521
237150 103138
216639 884
1885 10690
206450 32875
122576 181831
712 25350
240378 117128
98729 227714
193203 156558
33334 202194
129111 223069
173455 40777
88736 168657
211834 127042
157715 155372
15360 106295
124332 151715
179557 231999
38876 126217
82051 142858
185360 161452
52582 82763
67327 182588
95996 168464
127508 34533
31604 129330
170107 13469
182127 205059
88951 32845
188217 167963
48260 20668
189535 220729
226731 172592
72812 125943
42803 22457
201062 154863
11628 228163
167601 27646
196110 78956
130641 37599
184081 80469
111090 162245
124154 111039
161036 67219
235182 230258
7776 106104
83683 57445
230037 214464
97257 67264
106874 76851
231714 140060
125073 81938
109584 193
96301 66676
104275 62545
160166 944
163189 45206
173397 28106
95326 61345
48453 91284
214540 104510
161955 73382
61848 55073
139490 165995
242846 159105
73167 20366
102304 5413
22758 198240
38918 229040
48435 136211
137155 143193
205551 208601
10710 57194
135691 152951
1085 123188
227698 201297
48681 215625
44700 163656
86501 110529
26484 201342
238860 103349
125914 99651
71893 98014
83905 148672
41733 110811
28006 149492
132096 196040
27236 7559
160510 159958
39996 162928
121075 178747
168374 24544
188200 169756
37135 213075
188419 48703
169205 80771
197574 184130
56146 51969
217794 26317
154280 157203
63546 33529
229570 182286
189845 212794
129602 30808
193736 124358
59955 169598
211294 88813
32571 228330
215407 173497
222200 86858
167629 177828
118808 165407
234529 122053
165522 192107
106160 226325
16704 76652
32940 186858
156502 20276
51085 222786
121146 60106
229704 18823
107637 181101
183433 215001
145348 157360
1069 172842
107521 141550
63808 185850
81906 331
192438 55187
38362 4278
98083 72601
16309 72218
92495 131023
127811 189964
24072 160732
196707 5807
204061 27779
242780 61194
235707 144344
74037 144978
43378 236776
196628 198710
199041 107186
179525 35384
56815 165482
238083 235039
64108 154898
59923 28394
235510 173755
108489 187735
210694 16433
44212 62046
140393 171605
72800 43842
188820 132950
143728 163989
119549 6200
113387 97206
132591 92592
14924 66914
58804 206558
135458 27009
55404 140064
70669 195381
157118 64916
81349 196310
15206 124663
53118 142713
186555 155599
62551 143070
81061 149377
155578 206279
60336 217762
67205 42967
127033 210079
190639 82129
109139 185837
99903 82947
52330 181695
3461 187724
140884 209449
108114 84811
1526 173243
85692 178384
95457 188082
111461 165396
128525 176518
151131 41041
101160 206013
190094 218336
74467 228194
188033 154735
237682 200758
139303 44787
6513 64015
30314 159917
18730 147398
77491 155580
90814 20256
208338 180335
102581 203423
136792 93802
151995 5109
228274 61925
54263 10006
12202 192371
103956 128730
103491 200235
19024 98489
179656 242794
159561 25538
190088 209970
139552 178291
198548 24429
221916 4368
207792 180888
48692 98500
103609 101434
180511 200688
227846 105885
55106 234774
137506 240048
214285 159063
31554 240997
14644 7312
50002 211210
195182 191357
143651 240090
38521 108736
113104 99049
53939 34439
132939 77746
196332 119784
77322 10550
116436 133693
142469 62018
76068 171542
104607 36826
51825 47203
54515 153313
138525 66469
14677 121669
118609 107709
216445 175480
48531 174282
208722 86400
164146 102470
239406 115663
126214 117329
25024 73578
152748 242650
188194 167494
221472 2818
50022 66804
220117 30147
113769 121689
209 115493
240354 145598
77928 135970
84255 213650
56900 126459
2931 66979
182642 238198
112377 242338
89918 65706
82358 154554
78898 16669
19487 27403
94207 57220
104519 86661
225503 88326
220971 235440
137888 242864
152836 218176
188676 215816
116277 237091
78072 19578
14626 119209
135549 17565
100423 127004
38408 225467
16138 182782
227337 134458
208830 35626
139439 78394
183872 87351
79642 121792
121506 161694
153872 217530
207349 31193
42286 99398
118976 97628
216837 120359
155076 133602
34608 126388
125858 12349
195131 90168
241778 141996
194774 196470
31714 207458
68812 91064
212856 232739
168435 148454
122834 108365
156710 79157
195707 104185
201814 198996
76205 71533
222287 192653
75892 5283
17633 30898
138218 201750
100596 229916
183237 153999
135459 52221
160437 232103
221692 204271
109575 130143
12510 146977
136 6412
110597 169220
125067 195843
41378 69261
35917 218424
223708 20516
68566 111809
70409 15343
2109 223936
134785 188157
14380 185346
191452 27095
231366 174817
78963 187146
90974 97792
121356 91473
17544 91110
60956 231953
75217 159763
152189 102334
140002 111134
222943 149899
165242 208568
189355 67354
29513 184504
143852 98142
125237 43894
218711 92154
36151 130606
228398 71676
163150 144277
9389 106604
112559 197846
131611 70345
172680 187776
72912 57802
207702 69532
52103 69857
137211 146946
88300 15460
113602 183877
227771 232153
81157 238840
143448 220484
49011 134460
35587 145848
26454 229313
201161 44977
132474 139013
100792 106774
164576 62004
148689 173704
17564 129128
32925 200792
216252 171927
112654 138377
127380 86704
99546 97275
74610 225690
117000 242994
145692 140773
144088 169740
231869 172146
85162 102099
226025 121193
183198 185954
133660 147451
50582 88737
46379 151224
80002 100659
239036 36633
123337 192656
63934 123267
122959 240036
239880 155696
53319 239959
183701 159575
105723 197407
73508 172420
50464 190885
133689 56383
220986 7664
113553 41352
192576 28418
129077 159932
213717 46580
239237 142116
22233 93904
107942 60021
215717 162344
176305 121825
38250 43038
14447 116857
46127 143973
91709 105107
178642 113743
121407 242550
40752 156478
184897 234960
168894 7331
53911 87976
230092 139461
7368 49998
127171 26327
188671 115310
11137 116890
177080 138979
12686 49387
210513 208679
70636 58813
189709 76224
75624 6128
179759 67966
59777 133529
140860 138658
226634 228671
142135 211923
35924 230729
31058 149503
38815 163095
53988 236882
132711 49953
116492 231068
213750 145397
221362 83855
177231 41236
64517 167921
235888 26858
160387 1126
139784 69667
72340 75249
44022 140420
145151 231627
155132 79946
17044 176210
169942 193948
17903 71032
76102 59503
222052 151547
9405 63854
105091 200264
142188 186636
213494 186760
205038 152078
221745 147883
240284 101672
16094 68087
56565 41157
138255 161246
94306 211697
179647 155299
333 38250
97753 214702
123100 93588
157442 76655
50921 132505
75991 36535
223295 210261
119189 63488
228523 185183
60857 114936
200176 225658
23665 76952
12200 13591
242440 161920
91222 123658
161908 178938
150490 108707
202295 16511
110318 30440
180097 133740
170275 178391
145503 30091
93579 167573
126758 38694
170783 78952
61460 187616
38570 127809
141400 102277
38200 67922
191580 140690
93630 146574
12131 110338
126849 971
48563 231579
122169 11169
206712 228661
32754 66446
234019 126217
164912 126333
222437 117628
79246 92545
220354 57900
177329 117816
185738 135756
33296 215529
136105 134168
18508 144079
145050 148237
153818 145357
173678 210765
213428 32837
116435 137240
20308 3032
146517 107305
242085 202372
68919 142957
200857 78181
213149 46123
181879 135036
124568 172889
63907 232327
133256 17523
182912 82415
1774 52308
37076 93580
143569 192604
103846 24506
27539 16855
141312 141306
100528 191208
91015 140247
235580 169447
232722 48722
200911 205579
135318 188603
194933 99481
134156 216377
72794 102191
171652 73919
184651 91720
58326 208728
233234 102223
136230 162172
60329 34775
225984 51544
191791 178009
121459 73849
139724 201373
163802 111031
73637 97485
196966 73122
63501 25420
127611 105124
179043 136295
2017 73265
38843 137697
13922 60343
239667 46080
98007 167304
218848 56846
8858 80841
171843 167489
125712 130317
15350 68417
183054 63516
153790 88987
131559 154022
15996 217291
127588 33173
106438 212192
106739 129605
207100 145282
208514 137813
61967 203617
34466 63371
161365 37665
222306 43324
173641 90058
158475 122020
202688 188991
51981 98379
9251 113328
87469 183540
216713 25247
11441 232209
135816 80002
242436 135332
29995 99766
77385 207800
45173 109114
146779 111851
172327 206538
53446 143087
21957 102818
65812 229073
101454 224645
111975 117793
75335 127857
153105 216596
205655 48899
146053 181698
73881 115473
215239 145339
127141 103876
212991 66627
195630 172314
152855 133772
33710 124808
227626 206301
209377 72819
54315 67440
185233 67681
195539 183442
156889 17419
83470 122646
61194 136546
8870 229523
148864 135075
12954 241261
64738 32855
222321 225945
133719 17219
142027 132026
112330 167429
240249 143655
211096 78557
146238 68566
8858 170331
204902 115779
238425 182899
76296 62374
48747 73622
208697 85166
83277 197611
4468 221651
221598 148016
182387 226790
115666 112168
53599 98416
242071 227996
80555 50698
136416 227169
154351 796
116575 162427
102176 133255
195630 129003
202625 178472
20488 18379
233143 168172
163826 120918
42936 237611
221251 159426
28444 225323
80589 110920
112918 99196
167046 96662
80682 193474
194270 60313
222740 9035
159442 84847
213850 98918
51393 111922
147454 173325
115500 89033
209951 137447
131908 53328
212754 9737
9062 127162
238082 15201
114397 89651
203466 125002
75326 38293
115758 58150
84337 43598
145598 112500
211419 629
129704 116298
63626 19662
125847 34008
171455 196278
23608 92649
102386 60213
204527 10364
25565 128601
235404 199459
81312 157114
212560 195720
10720 173790
234541 85168
214821 95057
112839 136989
27289 183090
219904 242543
50553 108067
78347 102601
212402 222008
56223 101955
129472 88791
217392 17601
234212 172189
86154 209646
179369 89526
37319 72716
157884 190089
59149 28710
182851 129555
86647 189140
188533 227292
109362 80553
200307 13088
235096 204861
80819 186711
32352 65321
100074 210291
139330 23746
233393 91137
197815 242636
72202 169612
133703 235134
37846 4089
150796 210004
155994 220697
221992 11446
91999 118529
131617 105356
67067 66308
27022 140715
206037 147886
115027 59374
83121 62961
171250 11208
27846 90516
34130 125916
117900 100049
104138 184985
151840 155747
150446 11784
23230 81836
200366 146440
8646 132382
215842 105985
3551 75714
240752 242864
76241 226740
63703 112630
140990 176514
23880 234954
134872 168836
42887 75162
16997 9622
182521 147025
158810 185989
24676 106970
10260 199192
88424 225042
105029 36059
128925 78269
77983 108580
92170 126527
13159 154224
87588 155874
164830 154149
96988 128620
203782 56552
83326 139875
43751 237932
180771 22698
146820 219713
192907 205447
204491 174232
210291 55334
133603 66371
192103 96066
239746 228738
139813 58276
231302 9755
181057 1403
147176 152982
226686 34895
174770 107808
119742 66862
106712 235673
229388 57364
36813 10382
184615 196298
8482 15307
81678 168908
38977 159237
144825 47783
106059 35573
45328 58640
77196 94211
21195 226385
35282 224372
106182 4731
88746 227205
219728 225925
40139 195458
222993 223119
176267 94104
109411 181610
124520 201901
117988 208241
12875 163497
199070 19663
95456 136086
230298 18401
18788 172652
153874 25495
47379 71223
55278 16906
242831 136125
105585 49008
46129 56972
151077 102580
41040 222396
181147 34490
242732 182713
103060 73137
92801 12457
148543 76133
111686 188257
117759 152843
178339 147626
218849 45635
62541 225718
135845 30977
97138 62223
136347 241430
118013 143267
139666 44274
78765 176205
115768 94815
167953 95499
107956 218829
68964 34756
240165 30501
200497 180650
85126 131926
177561 152838
152558 60826
108955 240102
76327 45253
60685 206093
106211 212675
30951 178698
128906 2727
97542 126868
222367 1524
220353 39497
74253 87173
134827 46167
819 71268
203194 109326
19014 85946
163924 137605
151710 171572
233977 29729
9825 228037
214714 68664
21365 116036
135915 2516
129384 150271
151795 7459
46957 108602
212927 146151
209470 121210
209631 121756
231082 210290
70238 169675
81283 6946
195670 234162
20741 232993
235032 203649
46316 30566
163754 206597
209113 67681
235104 73671
81131 112499
221101 160901
63902 145240
40452 208031
86637 47375
14515 6933
193761 74570
98668 101905
92917 49046
38889 68341
45992 130810
178529 47923
11370 92308
177141 99133
189957 237635
124137 186247
103999 45090
190330 102088
84121 185053
232428 4784
28870 170759
19331 20945
122850 239783
45679 135151
203492 232919
120580 101720
149643 23487
132947 55959
172244 178166
189803 66939
27188 136203
181293 70790
190031 131187
73091 145625
167562 31002
218913 79521
100467 196432
193065 238244
130246 240469
230239 238744
97314 107740
131227 124821
180780 20959
199125 21025
105116 127026
20080 162931
233721 132304
20342 218525
138153 197754
228757 110585
190106 62565
15847 221672
216767 64575
61895 226064
221658 103863
211603 66136
190957 92974
113933 99681
137858 145739
46767 87061
6842 242974
132128 83999
59375 14565
229472 169622
37057 214680
34095 232231
210753 1166
65741 49942
50008 184370
62235 144788
210924 28516
138642 30689
147522 175883
78472 26577
113638 59382
59206 142392
226391 137632
169350 208486
134959 59768
31298 155672
161905 189168
190334 82545
149639 129508
70729 30078
174866 199647
2165 132964
180805 159793
92526 140807
167385 102329
161711 188151
104545 55025
209810 238069
203406 87786
164707 153162
82836 112367
58385 213157
52553 1591
131099 22722
52800 202192
158690 218980
125947 1668
161461 160855
75665 80754
183084 27990
233293 243050
72077 118797
113717 94688
182474 38737
209051 73973
186340 121183
91191 48737
50328 18727
58601 160896
119938 198580
174410 128553
130222 52630
213486 74359
155114 65685
110827 63153
80205 112200
230997 100970
195658 152282
208172 101564
175537 152135
30168 174073
222811 135879
171759 138511
56257 29989
228569 230360
132916 176196
2828 176982
8191 19988
102825 233466
53469 180457
49507 213653
88625 133674
42807 37355
138919 41134
193269 24981
199054 88459
241490 240589
135951 178715
225857 187251
174462 192208
142406 228428
162260 64228
101368 145235
135551 187604
124911 221345
209000 189021
79545 174419
228926 54476
112762 139504
164485 124695
230306 62881
60320 120390
73107 2649
189900 213423
162482 72966
58245 138364
202592 78890
224125 237657
199263 77962
73310 133679
79550 98177
29446 39160
110788 176247
89754 32374
174221 223550
43281 11089
148631 161378
181179 120754
91027 238891
68707 127929
23144 27511
106402 144104
155764 242888
94853 104529
238208 129029
227206 168163
224475 91760
42010 30654
63028 92114
72514 131764
142853 237250
172630 132948
27704 65487
61228 110659
238588 135883
163395 147087
65194 35734
35473 43799
148328 220958
106837 147478
72491 160539
9149 108046
138700 70968
163082 51159
182923 201729
195829 9599
142547 99779
165266 125309
9970 187403
80136 496
147583 5408
58295 17533
61332 212777
207737 110920
15248 226813
144202 88577
196623 104891
175859 170503
221663 109325
67904 95792
122543 178588
52369 37735
180196 39092
226495 234787
235283 190166
212727 63481
81015 156869
143648 27872
138792 159499
143162 125388
213965 154040
15781 44214
231870 184590
50765 208792
78586 210383
162973 135822
173557 201129
240221 232495
224132 110604
74772 240718
78202 233418
164289 44349
72221 176369
92718 81939
207327 228165
139055 9883
71249 195294
136734 171988
154783 59969
44354 204652
97324 233369
191349 207328
196673 44883
172639 205572
220293 194807
185075 4262
65763 55345
231714 123366
205306 155137
140152 98434
108317 169483
138780 53210
242350 179567
239536 49516
11018 153983
144203 40741
22071 125494
170378 109554
89128 235896
204705 99867
104129 66271
138768 163783
43999 169893
99032 144484
242919 6155
192791 239184
49244 125238
78807 88421
155089 65597
219580 75194
133087 166108
65604 137785
4189 172310
182208 235982
92700 110470
176741 143763
64396 213981
157876 89512
233996 108396
131703 13758
26945 7767
133006 81344
186917 93341
158938 211813
61009 116009
56119 135369
47156 211248
140408 121723
114556 68498
178968 79466
240382 224408
212391 129711
219223 61628
187176 127118
158028 210070
217837 75730
174226 184973
35165 124845
93509 135146
8005 194103
103474 171670
139769 64124
185847 167783
236281 37027
133646 74405
55663 172099
58660 130878
209658 42057
169175 51886
35958 153685
229415 84053
43029 27797
152643 160491
52487 78194
46299 20154
191824 77644
141768 166926
91559 105595
159775 101618
176023 101842
30791 50271
198301 5689
47746 106603
175641 164809
75344 234073
92128 211599
239397 78761
239253 152309
230503 148890
186196 65742
160539 50805
234883 152022
14468 59157
177927 100444
202286 174243
241666 127953
133642 7079
113682 196817
135628 198540
206615 46174
31775 210973
46584 72745
225055 28022
194064 59839
142734 229560
37215 137110
63135 60123
136432 46100
146544 77603
8696 71210
199163 122832
129911 7212
221181 106807
79349 444
63770 113659
98634 59966
132711 95545
140720 162371
239362 114616
101027 108786
19899 138946
216221 155394
201495 83034
160637 126656
197866 122041
1724 186485
210849 171031
51840 148787
149231 188880
76541 148341
208307 230153
99701 175176
94397 97868
229637 14423
123209 107761
20710 87514
16910 143108
144 236931
120437 235557
114449 177933
121268 92305
37338 133325
38962 88967
51849 89178
237519 205346
209501 128391
77569 219828
74547 83204
97627 189118
53729 61034
165700 237989
155099 74439
85373 182610
175018 155244
90027 222962
89270 63469
213946 211296
74265 126608
232939 26910
232256 143267
28508 1310
221139 215760
55814 123229
69197 69688
147874 153442
148281 140078
214518 70424
27036 60230
232626 73893
53705 219206
56677 79504
64802 160127
43586 44625
71536 156219
56336 50527
51837 77794
50404 84844
208073 29826
116666 106219
33663 51272
191351 21390
108966 199096
33328 179871
10614 153155
129211 22805
119461 81471
241599 203041
4516 184263
97332 59187
109714 93204
170999 170821
12515 161551
208530 238555
118776 237741
63015 82046
103437 152439
125537 11216
208239 212403
122408 158866
198823 236005
74327 25622
2665 92286
50551 89928
149115 24333
117538 147883
92706 15679
194382 62539
57944 105222
116965 159762
241809 176721
103162 197132
225501 102096
88501 228700
161568 190590
183446 228062
27686 134393
226679 31775
121703 47503
71836 34080
199115 27668
60499 206526
25915 48672
171046 11731
171494 83860
17431 62013
15995 187305
63403 120593
123295 241496
206089 151904
153968 41713
193258 146385
178160 198806
3159 176787
210867 73865
101533 74996
38372 166833
232657 179184
190915 64288
165300 160553
222566 119259
63414 199883
94478 238561
10910 143969
52724 217774
33489 216999
120234 223844
179501 226748
160385 72396
146261 182660
31658 145255
86090 21796
200980 70031
151471 75597
236150 165897
59159 90773
47506 232718
2131 139725
40545 141984
133760 13041
230040 93269
91115 167250
168000 124276
213824 27466
210127 85235
4492 134087
155883 15787
85818 90582
166179 130865
53613 11291
102064 176331
165899 112772
26499 149570
65557 168031
181072 67044
177465 199317
123417 185115
83393 25431
52897 48267
150655 54068
188155 37026
52814 155147
19732 118041
5756 155784
184228 185911
136245 76521
206445 43142
209865 58994
1027 232945
56839 32272
231589 199252
141217 234305
16586 129009
194428 224610
52680 86635
140814 119085
48235 240836
115727 210780
123414 67967
27880 138635
232309 64492
124787 164125
240272 195604
202551 91502
140926 241299
197401 16241
24548 146517
32376 112620
111233 58286
144921 807
119892 163913
178751 59737
27367 185279
10096 68480
207116 150782
232426 37977
219254 213427
165881 114063
222717 216376
231678 142435
175828 120493
23861 203081
89704 200376
15512 73389
74196 200937
138852 177585
11325 211241
153370 74454
142934 38692
189474 163467
218596 124052
94329 195903
66816 194700
185079 34213
176648 63536
184029 173607
133538 109326
83704 207890
38130 223242
198181 116368
67955 129478
97569 93884
185490 79280
117973 24942
188409 102426
481 81449
34202 181007
149709 94810
146175 118171
181707 91638
22095 79673
206151 139738
121631 172786
170030 46705
163073 176913
63241 125062
236098 231029
67159 177963
202905 195590
54866 185132
40584 165316
103173 55347
167310 74786
210109 26884
118523 70335
167161 165818
62407 157770
104558 130162
176868 184038
117801 31439
173653 113943
118974 198194
150159 166601
136193 186134
145268 109914
49232 191059
20409 185852
34641 169557
196442 187719
32056 18752
184571 71815
3587 199217
103382 20980
205018 108146
139585 54252
168195 96821
69017 87240
10691 44020
4156 219177
103093 164036
111945 166576
109279 152326
95885 149506
111227 161072
179824 49177
138144 160436
116503 138397
159377 141732
23880 237037
48139 138397
9220 163465
7555 233487
51509 78238
71417 35398
199434 55665
222241 191662
117990 85381
8890 105522
40596 213876
37055 120117
54555 220421
115668 175200
90934 171059
182098 49048
187445 114814
52281 230238
237727 196666
48906 76988
129538 46086
118903 137475
85987 102974
205507 115146
220669 203978
174704 214397
108517 35267
12538 228911
160961 163072
108133 145359
194407 25897
157863 47082
51322 155854
109370 210144
61134 63051
109137 175428
69753 190672
50496 2042
117188 155741
133721 12854
227251 111859
147127 82427
68188 109770
29693 176817
96178 3152
29049 154978
202060 47435
220442 204065
171059 27384
90435 103814
36093 6196
196868 216724
218766 122998
52741 4215
34221 109957
238968 186462
42891 35474
145245 142945
93765 111080
114232 192090
103918 189943
11381 160433
121348 79981
124517 231823
109639 66410
72606 214953
188527 145732
25581 26324
47691 181296
48103 95474
38787 99064
134539 61073
221171 81678
209910 53786
2726 71786
35731 80992
15428 123796
220929 64264
70089 136776
203186 102297
91252 179729
82311 49794
76119 53781
235077 125044
220519 140962
240027 57182
118256 33308
132138 148568
202354 96277
185215 98899
197043 222232
120030 220946
42061 229623
123250 97810
217259 112150
48729 100438
150233 65361
136294 148193
47239 354
158468 145374
202556 41760
75068 172497
77915 94814
208243 224359
80108 37119
16201 167460
162409 51153
37627 153384
25196 221622
107774 178029
52469 242455
81818 156504
78699 219854
237360 218112
120336 143090
184851 152679
82026 96895
208861 16769
15130 159942
214213 191107
115417 112390
163544 4417
157801 51828
30300 218323
153202 182997
182302 138075
68581 222823
199528 38122
30236 147280
47220 193738
103267 150573
21470 232071
22843 202446
136390 4333
195440 55125
167516 107453
111870 84860
136688 105062
80235 43673
226670 166989
79066 7439
230262 182974
221096 147647
51777 186640
154381 25335
193060 116149
122223 31650
234096 214530
236015 162218
217343 127336
8792 188306
47168 158861
20773 137814
181488 201008
141999 101008
125599 165008
121985 221065
125562 129864
73354 117083
142418 194491
84643 1737
33388 92328
80860 206866
143086 24334
168823 73726
36034 134431
50143 177615
72279 83202
41060 70916
189077 10617
192778 200212
178127 71526
201390 71613
205848 60540
11881 48747
50484 105117
197445 96524
77392 101024
125359 52308
126034 237630
128912 68184
2649 162068
19272 196207
23973 92080
119850 77484
34546 230202
75731 86630
175395 212674
47216 51123
117022 138093
60 59097
172774 167507
25381 214658
23816 24168
18649 167892
236076 167002
103072 164713
117770 12727
121960 122344
199828 158895
163100 241810
85290 8377
238203 238831
46804 34687
172780 42269
118518 163827
105336 189993
178653 65294
89463 147869
89764 219621
143473 125264
63979 99842
112570 3395
142891 198901
131798 234530
7192 116721
125098 51748
47429 109634
144321 120151
179572 111386
49215 91103
37946 54941
120235 171703
93574 216599
210222 226850
108964 183338
40031 110545
131092 172943
145846 169753
178285 30833
164707 34495
86243 185477
51961 46655
183959 150825
36213 213434
61387 120381
192474 85428
31133 116486
107087 69560
53260 124707
64896 74160
201857 179377
126322 122079
65834 106952
154937 29019
63514 969
203598 76494
140302 149757
57432 29561
242995 81111
218644 93645
196225 78384
194870 167969
237529 227358
126068 58808
150120 64791
1018 190964
87045 108827
215779 127341
173512 152879
171000 127567
204061 237026
143633 131448
161009 118365
199476 218218
85865 160854
13240 192123
116942 56093
57453 208111
23769 128473
210416 183521
148487 173889
56718 211435
112778 235532
162413 29348
174067 43140
54168 90263
238863 152130
27346 214953
190021 156722
91578 824
192947 49889
105982 104819
86932 66739
212364 180587
120959 110701
58592 179631
165068 26296
35831 132462
178962 51848
112140 198244
62510 109879
36012 166308
155263 75375
232098 80510
81334 102135
169176 97678
219649 31132
115023 49160
229747 63431
191284 101390
55023 107556
133853 23878
156341 220091
45941 186836
159082 92153
219185 158081
98391 238744
70970 12047
92557 10504
129791 77070
174748 191043
222175 72969
122129 151248
214679 111201
229743 108727
233435 179966
203844 41616
18557 141290
84976 117035
209189 81650
13733 909
239653 202376
214423 129276
156932 67473
144543 80982
28875 43574
116543 93294
18544 25053
153406 12675
138554 7225
187191 139999
181615 128839
26980 147886
21771 217324
55824 129108
147169 4962
207338 86709
215985 143673
228298 195763
33595 129767
190493 146844
14140 79623
121828 63887
93714 32684
39909 32084
189235 232268
117957 227101
131837 144852
119026 162089
48048 170760
175723 192002
35561 212369
112892 139911
92525 25548
155315 115193
36039 143272
240047 102659
183698 50179
100015 118725
167961 34262
40532 139924
141027 114046
15748 158489
94581 46866
217627 151926
117930 159781
129000 150200
64113 170643
196191 15895
148240 173790
91065 125509
228168 184279
8460 87962
223840 185868
220130 108475
22401 148651
19548 17512
193153 180581
227447 52448
221527 61736
221517 201924
126126 96307
23801 124520
140415 207392
138032 237144
119503 45505
3786 3099
91062 121673
64391 29398
155025 71752
237555 58523
93187 194578
132009 13953
83554 43191
104927 116307
92233 61931
175390 100447
224967 218360
182602 216343
227490 139384
202041 94636
97736 103843
225517 205827
235225 205950
51704 63910
122434 164252
115680 46109
77215 215621
32814 4540
137999 177921
13854 154894
12191 230232
205442 189244
179590 11160
150544 162046
30685 163930
41775 109435
89264 145573
108373 24142
105205 98491
19593 160077
223338 227639
200110 135273
156965 57403
9326 6927
161821 51814
38897 23180
212425 174012
185172 18341
197540 166017
86797 109718
219153 228225
130648 128572
169867 82419
180910 13023
190252 31922
33563 217655
109778 170440
1846 7675
14602 40746
92560 11172
34353 176423
124437 131457
166951 20780
186797 83611
193329 121341
106416 47596
193320 186484
25753 11066
24089 137189
186263 223815
198320 214341
141631 219826
1504 82101
122847 160629
171802 16106
209682 215407
120867 223307
18089 90969
174581 44668
166009 204886
26484 124760
85247 46427
57493 219804
113844 111000
108818 81582
52773 56957
50786 63988
163241 211556
129036 52290
68396 42938
32348 74840
54997 34928
143050 153215
197883 90238
69126 74481
216393 137894
184321 95610
89416 58490
186643 241814
97398 203260
34220 52311
133451 150171
135729 102158
154448 53543
96481 21615
113607 239996
48927 128829
56046 185756
32844 191977
40460 27931
165825 101970
197580 13703
72194 124148
139964 60999
38261 32839
85150 237362
161535 72481
174639 235753
46146 54115
92882 103089
99936 159780
62611 223642
166248 148863
114842 118658
163741 199093
75065 155302
169005 86417
227717 46648
107647 15201
48040 141684
135896 145908
235542 150342
142946 71434
142701 184183
44123 206244
122874 9585
233227 144059
66924 185486
78146 156326
129421 181766
93918 15889
119458 204486
25136 19773
52127 104026
2560 132783
52694 100167
24512 155608
227042 45086
229269 167458
130552 143745
153331 30242
191453 27429
230067 143408
73736 15227
214145 82215
98104 203157
181646 64913
101839 217563
78439 206782
113568 153966
28135 98151
10609 166262
228500 69799
237257 11654
155399 214619
18864 141812
169241 65580
226141 227469
16699 173310
12375 56727
33887 230844
69760 110479
84892 232685
213469 171599
99567 180483
35484 83887
24151 144854
214654 63246
74900 9501
241273 225913
124575 4301
87034 16987
1306 67818
241128 70025
143904 18005
22852 10353
137985 177791
167326 92612
21061 222877
177363 154798
238685 137780
56636 212847
50095 36839
46340 28140
28056 124995
129297 44463
78602 169783
237602 216331
60358 79909
115066 9582
37088 204262
138904 137918
230530 175073
171952 80232
9032 25593
180525 106165
93015 4568
41407 11164
56456 143110
24956 104899
166515 84512
11146 171405
161738 1967
81876 22750
32332 222096
200360 214095
126015 69420
1343 113266
210651 130548
173293 173296
36311 219683
224251 127821
138985 146478
46439 39660
161712 195441
36804 88547
16802 85077
87044 47950
70700 195692
191790 186073
174170 120184
189605 149000
19117 57035
187583 208100
138246 229768
206301 134879
19550 191710
95038 204555
18217 158535
110826 158629
4026 179929
39008 164782
229884 20828
233672 126053
86128 74586
194771 182312
88163 17148
91335 141226
123328 107280
93898 52921
187800 18425
227287 74201
35606 207350
139887 96327
11807 70976
7755 24715
189498 15833
53814 63916
189969 176232
7669 44336
226649 50099
84399 219592
134820 71662
196094 175734
228655 14998
50575 63994
138195 190457
154657 34712
148192 190954
18780 68546
93262 159999
192984 43687
107603 39610
232994 3648
65137 71574
121673 14665
234257 65788
154602 206072
155809 125927
140926 107546
188692 141314
105774 191501
216 83737
48693 34433
102980 148408
82409 67473
128313 196242
9854 32243
53044 235916
64341 242848
31516 118181
183969 203166
183241 22623
165703 112573
220119 95900
11216 80631
46134 182813
23400 116990
151424 46350
211910 89246
173871 11254
224648 51169
100565 59034
51801 234502
8202 153609
45792 133294
93310 39718
79494 3763
116336 50553
146453 2047
82678 110457
50120 157670
48662 128812
192315 90672
179918 200086
228492 161075
229397 127792
186826 209990
218494 86812
14423 12629
163075 226697
40417 77367
81130 30388
80941 119911
139110 214618
81925 227395
159067 238940
124603 149197
239869 207729
164666 90920
25997 193790
78432 150008
134001 29396
133360 39260
51890 109345
110044 147783
225150 232117
19355 150462
44375 80282
51750 100297
101694 183486
179276 150827
56874 17611
225340 77881
185953 53594
21386 164008
88019 211951
15349 99818
139078 222020
88215 148710
70495 208120
197088 198260
105572 52496
149930 233595
90742 167099
124587 201681
126510 209588
227199 77866
155747 183385
10981 226542
164552 115703
101656 32367
149337 9421
231441 117005
22565 45265
27388 76507
31617 93061
162709 241628
232073 154341
95442 69489
45172 96818
63256 220030
54746 188835
129070 64458
65002 227645
100198 140051
189570 229554
238976 201854
92862 95757
141022 227267
77776 115427
225640 185562
184040 126545
54888 162351
5843 190116
43784 150331
127211 51015
239850 124192
205802 181957
183604 142922
56975 27654
14059 40653
16509 3395
99152 27037
11154 109371
241951 14177
216891 106083
232628 241593
160795 157782
121900 44367
194698 166638
234805 165684
63878 95911
51870 5508
148430 26531
71337 235474
50129 205406
225953 85396
129585 66639
193162 99108
113285 140740
20825 209115
207559 87026
18810 10303
71822 125204
48692 140710
80396 23370
136433 40347
45855 161427
187958 188303
180628 211438
190846 16145
118694 4759
71398 173649
29607 5129
163021 38563
4528 160044
21073 183846
211302 229239
111293 39883
197746 39974
80497 177137
234637 52144
213571 216930
162084 54494
22782 158379
191677 116714
121473 213628
161280 84373
106654 210024
5437 208039
124934 26526
227524 27117
13207 146007
203042 195676
9653 141652
75640 174790
226935 90150
63930 67127
121621 197356
129738 16
116730 161556
149186 95417
179790 12206
222230 84468
49358 43294
86972 1669
45938 191444
111453 71347
41025 59145
217950 88497
20138 50678
157980 67592
134719 3923
218431 239063
239079 30342
209050 105019
200436 112660
124866 132239
216707 154228
197523 121098
122767 22915
231511 58497
146996 168705
1853 99814
188312 188022
12702 236955
61397 208450
229525 187835
183748 213268
17612 204806
83828 179677
66339 226663
115752 58266
212495 208357
86305 106461
129377 184020
242517 226224
168932 134890
234705 146364
108388 187937
181742 179867
162319 138242
82927 17141
230409 165846
127502 23525
220355 22023
5536 228482
43599 43544
25904 138440
1752 12944
196964 112209
112436 148281
40021 213483
116697 55370
157 48728
2597 242237
137330 199051
233344 182068
104764 220257
17785 220603
242626 6269
234751 238140
55686 22165
177757 52352
65296 81590
210952 196661
118944 36262
6596 80238
152760 176118
224846 140445
139533 170069
125970 1446
183514 50865
27972 133316
110769 45129
51398 62909
75051 127397
166714 60151
112504 130738
212328 101322
71985 194952
231215 197282
51522 190930
123898 11813
169410 204282
131201 122746
124192 82945
133810 31173
164489 64557
109686 178935
241844 49260
193810 178236
12389 73746
221636 117374
235848 124893
93848 207966
162099 64684
29616 81913
110878 213621
191906 153514
33110 37138
120084 79957
128283 174455
239012 10744
206831 49622
116035 122700
74938 205526
53274 66695
201221 87327
229373 31760
239726 193920
32606 97223
179136 158675
146299 62222
232888 64016
118306 95055
192164 40000
214455 12392
40289 77297
144072 227469
124171 3970
209496 16957
100804 199109
60439 19620
68532 58875
26797 63814
161037 65109
223784 76555
155929 114175
195343 126933
239140 145667
202820 70499
82892 188155
22302 174125
175597 140333
144303 183526
200483 56618
29730 127802
164574 75289
151317 90169
171135 233107
55066 178114
28672 89022
220349 52852
196938 184601
104271 172542
243041 192928
155085 63941
12068 99935
240268 177388
117764 187665
18286 141422
43226 92250
184691 48016
155337 207800
197757 92858
44975 83322
172344 26825
79678 73647
32250 149543
78935 33466
396 136521
200462 95978
195914 155482
106872 212531
174198 210184
125608 241788
108040 192484
14502 168834
133485 49582
159592 169839
10011 105244
132070 204567
52216 199507
123052 211748
19216 84467
238140 219139
71968 36764
192246 195453
181986 41884
8918 73120
71759 130186
96673 134527
77363 196951
3383 111175
37865 210848
72943 162976
141545 47876
4234 205013
190763 210914
52231 144438
120428 209979
20745 47221
16676 192396
234280 230144
60114 215814
120003 17200
168879 149025
102827 216676
101853 3093
231093 123362
60340 139718
204747 60886
39901 201886
169650 226133
127421 230664
214645 239033
60256 4699
197095 9393
239537 94085
83901 205377
239730 56501
222679 203904
194582 182611
185704 99508
222870 53286
193004 190800
8536 40061
15949 171753
154736 65590
70256 202751
215786 39008
60859 58904
68297 50044
144129 31957
11336 64684
138337 2033
223089 7916
190528 135018
234526 174522
227808 150234
97884 214247
28310 194814
140570 123573
206315 61411
38164 52156
108316 33421
109477 27952
77996 169176
218285 194926
33612 239278
241311 229621
11540 171950
80970 238402
169774 219220
126304 72347
60596 171584
140401 241341
138916 88906
167469 37821
107129 102081
152654 205633
233585 215446
158624 18982
213908 85583
81711 133759
137382 4371
193473 97024
92277 148922
124992 31293
120792 36053
207638 8147
23490 181388
27144 122041
159862 162406
38489 211765
174248 23841
13289 191143
227277 181835
24269 189065
96826 198036
219559 123132
220157 234209
139981 187034
218327 86436
122489 38976
64275 113122
51360 86977
209018 87765
24173 95657
64272 142882
183876 62662
27807 12523
194358 214317
160233 11935
227123 235779
132914 31061
22120 203532
147416 109921
213509 179254
218230 139745
9717 92848
196978 39355
144272 61078
173887 179998
79731 168445
5109 238159
24684 37609
8776 32916
44851 236195
228824 169009
200071 28824
232356 118588
2511 239343
192599 153774
67522 216020
82871 167679
224186 94391
172621 36699
216697 125308
67755 103358
98368 70430
108039 72864
105781 123052
116097 116816
59827 150632
196609 118924
11514 33900
47246 202967
113592 31178
21200 239845
164375 198266
49507 104071
157922 162563
61874 222129
82337 131470
219052 129629
219646 197857
94912 83942
200758 82277
6911 211009
103935 34587
68488 203520
180490 132602
163780 115734
112429 50932
23200 184980
63054 50806
230522 72707
51686 220976
126448 49246
196027 134024
88731 102351
203445 172523
11650 183643
168655 178205
212792 35714
13236 46592
179194 55282
188168 193726
18660 99824
58807 74600
125406 41860
114568 121861
116839 129930
179176 183406
74280 138
119641 132054
61427 180164
137809 97088
32143 90230
143096 80466
127059 1785
74220 156332
124061 63103
180080 19238
93838 142721
201734 12889
134750 236397
123177 90304
30560 25591
42881 59204
208410 104841
59007 179674
33612 43839
134069 196816
51285 65755
84693 34015
207500 178344
15449 158913
195303 88411
231132 212681
225570 45992
56391 206868
54022 134322
177066 179568
12774 84583
206576 219947
156472 238336
39026 22433
236401 190084
29842 173095
224263 44536
240032 131687
47450 188613
33874 29484
16167 16755
79899 39008
2727 241738
150062 136290
72709 73901
158484 83978
77928 102635
97822 121910
161495 234400
198486 136848
83945 154747
216435 2330
134017 65058
27673 230470
33956 198619
215375 61547
117708 50123
65863 52124
188415 137587
211488 215926
73906 35126
154913 126823
22735 151834
160236 9585
163585 184231
112980 132725
135055 4381
86591 103417
90737 25923
241694 114265
175812 141845
191969 213919
40046 67522
205109 14682
4610 2463
37589 173448
74273 78517
4353 192502
219240 97008
38089 164590
71317 139675
144056 151069
11337 206372
6297 230648
118915 119226
17922 21994
235913 51577
136252 227043
241725 49961
52424 98211
45661 20338
116007 90013
56518 119934
216943 137512
76104 49760
189435 29034
197256 147421
127796 107494
112144 208593
101821 134093
173239 231059
56638 136895
120788 166003
215964 192890
65104 136516
156854 42391
132404 110765
230700 46863
184375 206074
12684 221645
7529 17330
164751 219272
83616 204785
187380 49397
200643 212912
200821 63204
200099 130732
70737 31461
224352 77738
231406 60704
103095 63458
174223 162262
209125 9501
232728 178925
157420 167502
184832 19414
238686 164950
143737 123586
190135 96304
66066 87968
151172 164780
69515 40889
72351 125273
220163 157404
218108 70705
134163 208419
127531 95205
121859 82388
18164 110658
52163 128589
148003 175584
114536 236995
134583 143540
13846 15124
120244 98721
20351 79913
137954 45418
187843 107018
21273 210305
55012 164857
147278 13383
125741 206327
45566 48812
159470 4450
133039 63730
13316 211633
222631 55044
198584 145005
160129 131216
229937 212431
66346 54375
116945 24291
131309 204300
188608 61638
226495 152582
165966 17622
223950 130624
179436 48557
70159 43518
124400 112908
98544 220350
32244 137716
56723 95177
226393 4831
234414 216852
45229 213181
237472 74762
35912 162174
223813 125631
52216 241672
16145 207158
111784 235334
57893 14097
57615 65222
178131 128052
122404 182015
93733 50677
145854 154648
176631 150457
141311 129097
116280 167895
16659 186541
122717 127754
27388 52572
68246 103380
84541 79604
88940 101543
115640 213477
35550 146833
48887 173255
129272 230833
38360 171291
99941 240158
164617 201366
104465 50575
235622 79930
40473 220746
105350 9132
78856 163191
40573 149890
3496 147102
5496 125114
112594 92436
239269 121136
68394 148144
152979 45006
233449 214818
228978 191339
149555 107393
157968 150445
4378 10870
5618 167592
176724 44851
208042 128121
34861 12430
159533 22618
164884 38358
130794 182181
60167 34328
182472 144066
206224 145713
134534 109453
57642 213676
95071 120362
44810 224349
9222 27041
194633 49188
94039 31992
160113 128208
140638 76084
115854 212127
24487 74173
13204 37588
71917 172433
90501 90524
10239 28391
137845 53576
41254 144773
21986 212639
210991 136325
163366 66796
133136 220213
26207 114849
243057 1177
77261 203473
172450 157698
231871 193115
4706 214089
143372 19078
126754 76623
122166 7876
61452 136993
38617 16861
3503 102706
239031 60603
144551 214494
208709 159247
48098 51689
52866 234916
195239 48006
222856 147280
114397 141691
129782 228729
4657 119103
212878 47157
55033 131411
25255 91895
125908 133637
236343 81024
158779 129411
100755 6226
182625 60180
129021 83466
75233 230723
52731 181887
103169 44474
203318 32437
18017 217567
110672 107102
154259 22674
171238 80401
189448 209292
99779 213645
51519 72206
201618 110124
133502 210298
44480 76375
159842 72977
60551 173501
129390 9077
70703 130434
162872 232560
224129 48023
155126 180889
220715 91651
189204 66235
49530 165955
136450 135502
207709 166461
50588 187969
155117 183329
33706 184090
13918 216749
147100 210700
219777 91621
222055 33341
39903 64483
112506 158929
113820 20882
112533 24482
107870 108538
31343 58588
211242 174552
97863 184946
146917 175801
133132 148451
106544 58885
49636 166839
134389 120462
229235 196737
4080 128169
192652 225292
141072 43983
64865 79160
120795 28894
137432 194550
27140 2667
177219 185928
127724 238383
188186 49084
214688 31491
107528 78169
19010 78082
215696 157165
127904 170551
55570 201781
201075 131984
193119 22224
101385 98997
145044 14834
226536 239332
241999 39326
225254 10527
22912 176068
242304 126980
158472 228250
63269 213842
65926 40002
197167 99431
26833 38472
14255 81921
231057 99555
121780 215331
88330 181026
213012 240317
236499 233374
29551 196399
224078 9350
185418 28807
155788 20992
6092 201724
172417 88262
128264 86514
185945 238343
33666 99434
198507 229930
86336 65073
37254 186415
141443 225268
222435 125585
132961 111306
81707 232936
242286 179664
208472 79787
100779 201706
160280 138262
226524 106871
210537 106699
101893 128790
228224 170485
157265 152711
234936 183582
143999 17603
242871 29041
171778 42292
153598 239308
3096 61589
241254 9307
89094 19384
238242 223728
118840 189873
70747 155373
36074 119366
5006 55286
225771 137967
64680 233231
190815 157039
174642 56467
102660 91664
133956 191516
204826 48440
110029 61557
88016 225075
1309 125285
123015 177111
140986 239552
168927 241855
135223 228885
41022 205001
116971 140230
147463 23643
197834 198803
29272 95128
186792 146479
94845 149084
197524 94750
173459 73673
55598 81556
206841 18326
195437 74060
87614 86707
102564 110425
96161 13391
235544 237788
134868 137183
177978 109365
82171 56333
151461 132663
53144 111443
17378 112255
224157 147989
238814 214902
70460 154467
189945 68415
159627 34152
138011 159384
26659 4091
34634 240575
9215 139972
34005 27028
153546 161235
217568 229136
135801 235717
121162 125879
12136 188945
110936 155692
144597 236294
164763 123752
192167 215057
6059 111558
27792 108644
112735 161222
158648 71603
211576 164521
191550 185015
103101 19583
5569 101946
111665 77519
220551 158522
104317 6829
162522 232687
242983 232405
113008 63969
35876 164596
33004 62025
187822 59088
220310 77948
166704 74559
239081 152960
94826 135130
154713 187481
63429 197927
49448 177435
92807 192246
199075 26849
16387 214277
203532 118447
199568 16220
180817 73390
152568 9447
68535 230973
82924 97240
171799 62847
232960 6478
158760 184882
146365 101788
56565 87475
21760 226946
176042 123165
150015 131720
102847 149120
24417 166402
199774 80381
170924 241138
7435 154593
159569 80342
194734 75970
155969 242493
22973 140535
82268 145779
4417 181733
26058 228633
212430 78134
201300 64971
196691 145322
68444 108165
48569 73540
171073 110014
108002 5193
176939 98847
196341 115437
208559 93358
92701 147925
45311 138530
41160 132826
71409 127579
130214 62729
140864 114619
179590 99494
18819 116166
241483 150283
240975 87263
197277 46902
69247 168899
41748 79281
194718 3036
96394 238090
142865 177279
72660 206247
95923 205328
89757 113820
193701 167332
55954 219972
93468 91415
224733 235544
159830 112287
216703 223066
43970 157655
100556 187982
24114 113218
133406 142305
137245 235984
170114 229801
210050 54112
16291 242774
130596 62824
4158 123200
117174 81147
189715 60112
69659 210643
96932 171298
168367 3491
178298 87637
32470 212337
99557 35705
178010 56584
49418 232964
236767 89257
143369 236684
236308 203667
40493 176812
56863 140906
239206 44652
121916 174037
141530 185771
131071 208727
229370 12465
100102 56288
42628 164519
200224 132572
206308 142185
131999 152236
241493 12577
6111 125616
103286 158864
92527 16422
157328 143779
205583 149390
80277 170536
113157 101502
84231 238960
8275 18231
91671 70452
234971 108377
240950 134299
33335 209197
118283 221260
233837 182486
82105 116626
32340 13951
47525 185391
86020 142019
48259 222005
149392 65606
167108 145689
141499 36551
54782 8189
78641 149774
32153 163606
54755 87614
53661 47105
25216 105242
61731 171944
62572 33055
47006 143836
86077 112065
10934 111683
90539 189249
28857 76346
222035 239931
33332 195965
221307 120384
44160 105267
25723 56798
161565 93465
140571 97630
220025 215226
161173 182939
215994 38606
182442 223745
109812 37003
148686 42521
5772 137899
214245 13227
10008 34630
4597 193130
87516 60493
165760 225904
56705 148828
242293 208635
63115 218270
207498 156866
113807 57142
95748 125521
123269 103804
140807 52192
111865 233081
127830 63495
76723 117638
169420 98925
66057 86731
164376 191169
173924 153573
76403 104138
69623 4631
240053 92699
23567 149891
207033 204401
86773 137375
241179 59632
128976 210042
199973 155988
219483 240842
132482 101806
200731 70208
174092 75904
23923 40791
194364 95318
199457 214999
236782 44770
137469 25930
192973 233685
194937 178188
89565 156857
233641 38560
22604 87594
17584 119467
134311 222577
98385 237068
64126 40795
116699 55967
96758 12220
107539 157775
129624 65124
127046 63846
106928 140409
130944 38517
216706 73904
230761 82731
138443 63121
167868 238404
131873 161047
157627 185452
196522 23035
63830 12862
68829 34651
46871 197682
112307 182739
21866 154410
235408 15933
156342 148912
187430 116339
190243 44137
144020 160986
241259 195006
207412 39314
200361 165977
108280 96135
136322 114838
127701 78804
113455 217305
171837 213682
170424 160327
88739 40994
74079 192290
98052 80998
214489 4424
48561 42332
220470 178734
130590 209733
5897 218580
158559 94852
208139 223411
95099 40841
119646 101312
75467 239952
210485 233101
167430 4154
62300 154911
104051 13020
111170 153531
157955 202103
18438 82509
18093 223668
190252 12910
5492 165835
34689 196149
193562 181204
222045 242828
100990 45512
59466 98541
105645 176457
197763 43953
198864 29925
60097 34065
187597 59765
35871 188419
27778 102402
82921 71461
84371 63023
2860 30023
174 107016
45070 37549
54380 193737
13251 23965
139659 155370
105830 72717
133823 19306
66383 77595
111661 89537
149303 126481
71750 56108
158510 202326
30637 116681
196856 15433
62608 132160
239176 216869
28420 62783
30522 58248
99366 82800
12173 43773
133642 239025
15181 135155
212750 24315
131005 81564
225197 98413
171673 54310
13486 70950
204783 104186
119619 61275
193435 158489
132208 182228
19013 206614
38864 177781
17431 49535
110460 138230
134105 29604
181911 18104
42420 166438
22005 151512
23927 190577
1737 4052
75002 195601
56637 15223
76498 36635
212277 176256
132486 43935
24551 118487
53118 151499
218186 63416
201646 87702
134458 85496
103601 109754
33042 73220
241884 163173
110600 72199
76252 22661
218262 129489
144712 168406
222194 31749
225158 238362
39147 208473
100962 114494
22844 63699
144267 171233
15785 241030
100529 102763
229669 150243
223463 221282
158457 36714
108913 222197
18861 43059
172548 202317
127574 237123
42875 74110
86474 123770
106245 24883
156529 125621
206472 207207
135290 196525
194406 107589
227505 168227
75321 68937
47069 214024
7588 72786
68986 222678
22587 133654
92821 87847
98972 195135
43247 237547
118167 141847
183882 129721
29344 241564
222774 97262
67789 9819
117408 114914
39992 19045
105134 118915
106942 132465
205251 169355
148883 131682
22186 31087
136086 171470
140607 115008
109405 235059
150908 183854
87577 1575
243139 108793
206055 116922
126741 239915
111680 47846
66892 18151
154219 168824
58139 189178
115384 18011
166845 37392
68480 21117
209740 189032
60890 221718
213627 107197
65054 187447
189022 121386
230179 169783
60707 206164
202929 210236
14932 187448
222752 88611
31437 98976
45005 150973
186136 89576
144121 177541
198658 109831
55713 229753
208321 165248
29296 133755
95205 178799
74187 111502
38135 58229
21243 78368
62606 98843
60293 241325
103938 94690
193667 57047
208020 135376
242104 12674
190215 151006
34840 160227
146830 162875
84974 107705
241461 112002
47651 131422
16926 93516
151745 138990
217358 55061
171056 190141
205468 53966
148656 231350
62399 83408
235936 116325
128999 27270
195428 8893
169120 93216
30094 4270
111976 72801
184803 115068
20492 127439
238107 6456
162598 54570
109631 163854
110845 153958
207924 54690
42890 90315
190876 113430
229756 105289
149711 183662
192555 132757
243126 119142
123412 135678
208479 30070
162290 9390
136829 167284
173740 182782
237352 131786
52491 93188
21148 120985
175675 180488
44806 229072
99352 235717
115009 235682
193346 103110
9870 21570
157864 142752
35280 9846
39916 55279
64669 17761
185045 202206
158990 201499
107287 132787
243127 170344
48179 159778
114269 21125
7047 241007
233574 159075
151607 123551
226662 105433
144156 118955
35709 236532
20380 76022
131301 88141
105902 60296
36504 195971
171472 47797
180584 195494
122688 35609
195388 180561
218838 188019
185876 83659
242734 225885
106287 193453
55736 168343
44148 106951
117485 217044
49917 79858
167999 137865
198161 181218
151191 47904
112853 234665
204161 79513
115123 50288
4851 83699
28568 84513
168172 223690
223577 231597
181900 184908
110101 86714
210817 11638
228683 171401
25261 85152
223017 52602
233820 193261
15167 195180
203847 159014
238527 128020
195460 164858
22559 127652
229317 200312
198004 68280
56727 154339
113249 195583
56300 12629
24267 223350
168754 23967
126272 26952
79554 194015
161278 123291
75322 87377
3241 176445
61316 53171
235182 15770
143423 13626
231090 31743
100023 129590
57932 203096
155530 173902
186531 171181
168534 211830
235797 227951
11753 94138
45003 136071
16213 108460
195837 206282
139577 108687
179010 199078
214848 200893
231672 171042
202786 132273
18714 219612
179559 76811
7564 93798
21829 91939
77771 211247
196048 190363
41351 87570
223642 224954
90264 103507
66639 239855
105392 42951
16031 223368
198264 41252
229447 4881
137155 186786
180400 206235
39896 173021
23669 116809
225900 47460
32710 45498
9864 60521
148092 228758
210562 68367
171874 145736
142441 74828
117779 12515
9886 21835
80239 150962
155844 208150
168938 83688
46773 49849
240022 106188
240150 86670
151282 20541
83191 240052
74576 183992
169601 110207
178575 239820
142406 154165
228994 107299
136967 41697
80684 120775
28588 146853
111853 178075
18614 184432
8283 54793
178133 65387
152057 5155
42848 192285
189188 60190
1032 143191
10249 20614
34436 187785
115953 188824
70125 176842
235691 101797
239724 207092
127947 73225
8150 25162
209594 13802
68595 26764
109304 235029
14186 20731
213016 18211
95553 57034
200226 159054
196820 113738
75525 227627
173301 231256
182100 191478
67277 17428
241673 174641
21868 63852
89014 126470
140273 30019
73935 72611
64490 226020
3601 200391
235755 78677
152863 216618
149674 88158
219048 127091
111568 120497
125755 51424
242902 58871
76300 64706
13349 67030
130882 74823
218445 35218
82389 237048
66509 132720
115591 173476
130718 148152
831 136344
126964 123323
228633 153694
37636 33489
171138 204532
29958 166356
225228 53743
135601 46862
113892 75530
167505 148951
184169 18776
29827 142800
32371 40560
214036 96336
1338 165114
75460 101604
242079 2169
173016 202425
9916 1565
206097 227804
151010 181054
8799 10057
56919 150240
225770 144401
50202 187964
223892 150125
66928 8373
48933 10569
106906 116451
55567 36971
155728 125396
144718 131027
107454 154657
156222 74584
76390 117370
72426 136321
146378 227400
134491 98378
242779 220450
165264 134263
58391 66983
92508 163158
173728 125319
241770 158593
195564 54636
180032 71339
202366 108142
19650 98752
190488 66671
201193 193024
103348 23728
7979 47622
146000 6576
1028 159622
67887 162781
229764 183444
103453 126278
25599 96274
11717 34031
88667 41371
112710 207281
72274 42701
158606 71927
155750 109076
76102 105944
129673 130945
195719 179450
203179 137652
71276 98569
35352 204207
144502 139163
39444 21966
135392 4805
55988 65043
106415 147109
111241 161807
221660 236277
65054 200667
66593 137116
243061 237956
142904 142695
96148 129584
41238 95473
194043 56177
17234 129666
42831 3397
25364 178888
200845 82275
164471 177908
81868 13683
192642 44888
38015 193109
150626 171153
82271 120222
132180 234371
151068 82182
228918 31934
127408 4066
60243 44158
173824 95453
98850 94630
30368 216656
72933 141366
76125 231214
18899 237404
39142 157993
125104 211542
156697 94310
214532 49732
58105 238968
95153 103562
135497 209173
230392 80921
125080 36907
