500 1000000000
88.8662 98.8291
57.7765 81.414
62.2997 44.3038
73.663 77.8546
47.823 73.4417
19.2444 45.3455
92.2909 71.4292
12.5106 64.898
68.9793 55.5821
70.2596 51.6852
86.2038 35.014
55.5247 97.1706
57.9611 84.9598
88.0456 23.8297
72.793 80.4808
67.835 24.088
65.8633 51.7706
12.3161 64.3027
83.4683 78.112
18.2104 20.2646
53.8236 34.475
59.6863 93.7225
88.559 81.5501
44.85 24.5865
26.4848 86.3905
35.1226 88.3272
12.611 19.1963
7.29738 6.92273
89.1345 48.7608
47.2468 76.7285
78.6307 81.1281
53.4567 18.0546
12.2719 48.231
59.2893 1.58489
51.116 65.9019
35.5048 98.5093
71.9736 32.1068
31.6793 49.7402
8.20769 85.7487
97.6127 88.9701
86.7815 67.5491
18.7083 22.6849
57.5733 44.6234
35.8912 20.2685
17.4802 95.282
7.72385 83.9682
94.4159 83.5262
1.8633 79.8888
50.9813 53.6959
84.8357 86.3493
8.1194 51.5367
1.86489 92.1805
47.6451 36.9068
68.9967 73.6371
87.5671 44.26
6.82518 39.9701
28.2203 80.3894
19.487 81.9983
82.1094 12.3448
98.5643 12.5234
15.9935 97.8473
10.1405 93.8236
68.5545 82.3086
7.71117 12.356
67.6306 95.5277
91.5693 29.7313
40.456 84.9338
43.668 66.0038
50.1805 19.3195
23.4859 50.7101
60.7761 65.1353
88.1663 32.7686
7.31349 48.597
58.9936 71.5336
94.634 84.744
62.3128 73.2114
93.1425 26.4205
91.7578 69.3175
58.3825 41.5962
69.4535 75.5308
72.6803 62.3167
56.0547 76.8361
14.5805 42.8146
79.7773 93.0384
66.9438 14.0543
58.8131 73.1611
57.4543 48.1534
73.9064 22.2178
6.39739 9.30447
15.1405 91.8374
71.1512 86.4221
69.5386 70.1824
63.7151 8.41292
15.875 94.8406
90.2666 22.5395
67.5927 77.6987
59.5598 83.4812
82.1382 58.2036
71.9774 66.5808
21.953 23.2092
90.0492 71.5721
42.7554 28.3077
43.3525 41.8861
81.3691 59.5342
91.1061 52.4304
25.6532 60.3307
2.42505 5.08842
92.3123 36.7406
89.7257 65.8666
92.4691 77.8572
84.2003 41.1568
67.6858 64.7929
16.755 44.9875
52.6267 39.2217
60.7161 10.0406
62.672 72.0857
85.9156 19.0866
63.3242 46.1751
6.28237 26.3854
45.4385 89.4535
33.9811 71.6678
22.8942 71.1254
93.2768 16.4987
6.56029 14.4065
51.4603 64.6284
74.1156 19.3717
8.05466 34.608
54.2955 34.9202
92.1387 14.8708
77.1741 45.4919
74.2917 40.989
5.61204 87.0233
49.2002 32.2653
82.3075 47.4389
37.608 63.2057
11.8605 56.737
81.7039 75.5683
67.8424 11.9519
20.3324 62.4423
48.5812 58.5148
84.394 89.5133
47.7217 80.4161
49.9107 13.4403
54.8785 24.8912
20.0263 94.6845
22.9825 94.1271
51.6894 96.9358
93.6813 63.4317
78.0423 7.3988
71.002 82.5584
4.80905 22.303
21.8854 93.0552
90.4021 23.3203
32.799 64.3439
68.7841 55.2218
25.7443 30.1462
6.35275 40.7157
54.4898 92.5407
90.0691 16.3636
96.7725 81.4137
26.1714 70.2226
15.2479 13.8688
8.71628 67.9376
53.5663 60.2526
28.6249 1.53673
38.7494 96.6578
12.4042 5.40064
44.812 56.0257
84.646 27.5416
84.4075 81.8106
46.7869 41.3439
93.7274 8.78972
70.7515 32.801
60.8529 19.1501
31.7009 34.2216
78.9027 25.5586
52.9603 32.7075
17.3737 43.6249
80.1508 4.34909
24.4678 4.50901
86.8795 64.5236
42.3365 94.5131
85.1055 48.158
33.1662 23.33
81.3166 78.7687
13.4729 45.7269
9.38723 90.0317
39.8352 35.3769
9.99596 90.3909
40.1696 44.6835
26.3395 90.1853
13.0472 6.09093
39.5747 96.1364
11.0857 83.3472
2.98368 20.2608
98.0706 43.1307
2.10106 91.5045
36.7801 98.468
51.6025 26.1637
49.0796 35.698
50.0261 21.3607
96.4698 21.5206
10.1209 81.8522
43.0168 28.6281
3.07461 33.7354
64.7028 95.9629
50.905 68.473
31.8362 41.0803
79.7981 48.1015
14.6486 73.1891
23.87 59.2804
48.8737 50.9336
75.1471 14.9284
0.536165 28.8401
49.7256 39.9201
46.951 25.8495
75.9442 72.6222
53.4661 45.7798
98.9065 67.1378
12.0571 64.1592
89.1848 95.2447
79.3971 67.5391
91.7486 12.5588
4.49345 10.4314
3.57542 18.3512
69.2251 64.5213
75.7458 71.3633
5.83387 90.0457
5.25627 46.6709
25.5361 37.7985
47.3953 6.24624
69.161 62.3605
6.32388 24.3529
66.4796 35.4745
21.6427 79.9022
9.30559 84.9677
12.0896 47.6234
9.30564 52.8488
95.7286 6.66921
84.8816 48.2072
2.44035 90.3228
87.5286 97.9771
31.7217 60.9412
88.3718 38.2657
14.6648 66.684
10.1486 2.73912
50.9279 57.3492
93.7992 86.8245
5.3975 39.807
78.3956 24.625
26.6748 30.6824
64.4086 92.6593
10.6483 28.6647
12.8788 22.1577
95.1931 59.4261
39.2673 58.41
83.7668 6.98681
68.5001 96.7166
43.7905 34.8253
89.1049 44.4836
2.23344 59.5789
4.88901 48.3205
51.6636 45.6363
65.4835 35.333
51.6843 88.1789
51.9267 96.3771
31.792 76.868
66.4157 85.6783
43.5404 46.1348
32.8437 72.4206
21.9279 0.973917
46.2702 40.4325
56.3503 55.7262
59.2965 91.5408
71.1569 24.311
47.4231 27.3371
10.5981 10.9376
14.7833 54.0753
49.4483 68.6187
52.1158 91.7491
33.4546 1.14309
90.1028 13.5577
8.72614 53.3363
98.7115 12.8859
38.1664 31.9717
49.3475 16.5233
56.0431 13.8081
3.78266 87.57
65.0808 89.697
88.4477 26.0553
28.886 42.0106
36.9728 29.5442
74.8184 34.6106
32.8734 52.8782
33.0876 2.73931
64.4436 31.349
78.3844 93.1469
61.1524 90.1282
87.336 33.5043
40.7461 17.9274
55.5023 4.04877
40.2604 65.8224
25.7042 13.0722
33.4072 63.9284
79.6683 30.9905
34.7161 13.1138
22.4679 46.7154
95.1015 87.289
58.2548 68.0549
49.356 23.1724
90.4286 95.2754
25.9591 37.7774
38.0351 83.2911
62.6306 40.7024
92.8181 90.306
46.9184 92.1553
50.5643 40.6636
83.1236 9.63491
21.0936 79.4974
91.6778 20.7011
35.403 53.85
56.0276 35.403
50.3774 16.3248
3.6408 92.1253
59.7036 84.1329
19.9721 84.1566
85.6345 42.1562
78.5882 90.8422
22.1934 53.4918
11.1604 42.3465
92.6904 81.4053
95.8067 71.3705
46.0675 36.3494
20.6024 30.9041
82.2562 39.613
34.2371 31.9887
55.0011 70.6774
37.7248 32.156
10.4415 84.776
17.2986 65.3995
72.2129 37.6
96.8336 91.0549
39.5273 56.8149
72.5389 71.5173
33.8326 61.4997
73.4039 55.2626
50.8387 28.4283
93.3569 2.29711
27.3989 94.3013
15.4515 84.4017
13.5989 18.0803
58.6441 6.67585
74.6766 67.4356
85.9632 7.12593
61.9007 28.3308
23.6397 75.7081
35.3588 33.0601
49.5813 14.5361
17.1516 1.21103
45.434 26.4947
44.5045 26.8908
3.60463 89.757
47.7447 36.4908
79.6584 38.4701
31.2243 60.8892
25.4271 39.9256
45.6276 36.5279
44.0604 61.2009
94.3564 0.685429
63.5063 63.3742
52.8112 67.9883
66.4188 19.9575
33.829 21.2282
32.947 81.5144
23.3696 90.2314
82.2936 65.4847
7.5853 17.2771
14.1472 79.2536
37.1739 56.999
51.8371 85.9335
4.22037 96.98
59.748 65.4908
86.9297 63.2423
65.5313 70.3351
52.434 63.7755
52.734 83.0818
62.2663 49.954
76.9287 70.2885
28.2615 6.97358
40.9949 49.1394
91.5721 17.2915
48.1188 9.42661
3.47484 46.157
9.14066 61.3977
5.29898 89.4186
81.2345 42.0242
35.2271 73.1481
40.7857 57.1342
5.96543 51.5479
94.2626 43.2331
44.2921 10.3403
62.452 83.1254
11.3651 39.1893
73.5316 76.7833
58.3173 54.1394
47.4381 24.6992
46.8116 23.5263
20.8144 97.5588
71.1683 58.7604
83.1573 21.6768
4.08294 44.6284
66.9394 85.9425
26.8525 29.4707
36.8746 87.9802
5.30218 12.925
82.4189 0.95252
29.0729 36.7372
46.7317 48.5294
8.82903 53.8379
69.3429 13.7579
14.4494 61.1495
81.5072 59.67
39.5003 2.81185
90.5436 56.9215
97.2184 1.31121
32.7805 87.0571
95.6864 22.3939
96.0971 69.3596
2.86141 90.1938
44.8706 72.4517
9.76844 9.78054
68.6313 94.9332
15.6186 80.6202
41.2084 52.2464
22.1812 1.64902
64.7533 4.02333
4.59436 26.5938
92.8538 6.81787
74.5061 26.8782
95.4102 45.6349
31.548 32.8071
78.4196 48.0486
53.946 29.6726
75.0937 50.3923
92.4983 22.5266
10.5141 68.9966
3.85598 52.5328
64.4461 14.2583
1.14594 12.9023
27.4161 50.6219
80.9209 51.3502
95.9566 72.0129
46.1504 56.4766
87.0906 0.839032
25.1942 90.5869
81.439 21.2412
66.6981 12.9462
59.2764 27.1807
28.3194 24.033
4.13715 8.49919
47.6956 85.8802
12.8356 77.9602
35.8166 46.8761
26.8606 68.2908
22.8203 55.3129
67.4123 2.88487
3.14304 16.1508
97.9362 36.2529
11.7742 89.0245
35.5818 68.9669
18.0352 75.2934
90.211 72.7709
45.4587 20.768
51.0769 26.8623
52.5444 14.3427
80.0438 94.7492
87.6213 6.01562
42.7309 40.6492
96.6181 14.8905
76.6125 49.7391
78.6044 73.4223
7.72279 67.0961
3.39458 82.2852
84.8616 19.1197
91.1871 16.9466
51.3549 68.7587
88.5033 78.8368
59.1918 60.4775
90.9862 83.8988
25.2482 87.3091
45.1914 82.4133
10.9746 10.7111
70.468 6.81282
83.7871 52.5577
3.39524 39.6175
14.9331 50.3304
34.6394 15.4987
23.3188 98.6332
41.883 33.1306
90.0847 8.11437
