6000 1000000000
55.1998 12.0241
98.0435 94.5011
28.3114 35.6604
37.4554 69.1155
98.2248 78.4833
74.1208 16.9487
24.4218 34.3589
37.523 29.8119
50.3623 94.2474
19.7656 38.0827
10.0982 65.6772
2.21098 71.743
21.3531 97.7866
74.3399 46.1736
86.015 51.5454
37.4695 32.8324
14.6359 19.3649
9.82226 3.34166
65.555 1.50077
93.776 36.8554
90.4405 23.8437
65.0801 96.4049
93.2109 4.54265
27.356 6.72187
82.6058 36.3572
33.2639 77.7555
76.023 36.0578
93.981 51.8326
10.5134 40.5681
63.3547 44.2534
81.8593 69.2035
52.8706 4.05
83.769 79.8797
58.8509 29.8227
43.7114 89.4272
1.04471 45.8144
82.9201 6.13306
50.698 71.6019
0.0553448 24.0355
75.5458 26.8434
14.4534 97.6842
58.9431 41.7439
48.7482 21.9382
30.8978 68.2184
81.3202 45.5436
57.9479 87.3792
11.0106 42.2956
12.7552 92.4995
16.2491 62.3897
54.733 65.277
52.7724 96.3086
74.0897 21.1878
20.3191 59.2104
18.9135 84.0578
13.081 93.7408
32.6197 20.9851
88.6804 58.6919
18.0378 93.2552
4.10297 23.7235
37.1467 44.2501
76.8259 97.3739
87.6276 47.2365
72.3715 15.4723
87.173 16.3029
47.5873 42.6805
83.7732 65.4808
8.13602 69.5402
57.5446 17.1234
57.4338 50.6544
19.5036 70.9135
0.183494 2.90943
12.5366 56.0531
56.3348 81.7009
67.2373 27.013
13.6602 6.90094
80.7216 15.5262
56.911 46.2806
31.8981 37.9547
59.1885 92.4936
23.3731 6.26658
41.3489 79.4993
31.858 15.4073
12.519 67.1625
45.5999 71.6691
6.01159 85.3423
60.9879 61.0236
41.8736 92.1136
8.38501 54.6738
17.0229 96.1089
69.6735 89.2231
10.2201 56.794
77.021 19.9174
41.6464 80.1935
87.4904 4.13688
97.1144 1.67693
66.1101 2.07627
80.3031 86.0688
90.3938 79.5623
62.3882 52.3346
77.0095 98.7578
46.4136 5.10003
92.4403 86.4557
2.95314 88.5784
55.3571 24.2372
25.6001 24.6581
87.0078 1.43699
98.81 56.9405
45.0208 19.7824
81.2763 21.0029
28.8647 35.236
69.6187 75.8046
31.444 39.0459
61.5597 41.0137
75.8677 61.8952
61.5176 25.1129
43.3694 25.7895
90.3003 9.87588
91.09 91.527
84.2044 36.0589
97.2626 70.7556
94.0829 98.6503
21.9941 2.52647
12.1485 56.8158
6.08166 98.0417
50.7571 23.7173
12.7266 52.1432
35.6524 13.3621
93.9593 76.7973
55.2074 18.7861
64.3802 67.1378
17.1489 73.6099
75.7005 39.2854
68.2032 29.2339
3.00827 90.3356
65.3867 19.7171
12.3546 78.3397
98.6564 93.9033
48.5845 61.325
31.6938 60.7267
71.2948 50.0447
70.2451 17.424
61.5784 59.883
9.63778 85.9148
24.96 68.1328
57.9602 95.0037
40.8419 76.0172
64.6909 24.0359
24.7051 96.1302
27.4333 59.6193
48.8342 81.3054
74.5845 93.5913
85.1122 18.6496
44.8703 31.6902
84.6884 47.6885
73.4197 42.7095
97.4794 16.0847
3.42104 60.9912
23.6951 7.74435
18.6565 39.4955
5.68871 29.2281
78.1554 53.8929
46.4122 89.6798
11.5597 4.04571
86.112 63.1285
85.561 14.2853
97.7428 96.9194
87.8121 46.6795
55.2609 43.9491
69.7907 63.7693
65.5263 86.4164
45.0825 19.6424
98.5113 60.7669
70.8277 18.5379
2.83058 29.0278
65.1915 64.3605
86.1546 34.7629
33.2326 25.9714
48.4726 97.16
3.03635 95.5333
28.0524 20.0046
85.9138 24.108
88.7818 78.4275
56.3224 6.55338
88.8933 72.235
7.1787 76.1439
8.4783 18.3724
94.8203 90.2059
73.0692 80.1429
68.3753 4.67405
68.3241 39.7228
86.4157 94.6329
97.7762 71.3604
57.2848 88.6541
56.1732 28.3493
72.1383 71.3889
5.16463 78.1815
32.2976 20.1485
40.1281 66.7515
65.7055 5.1341
40.1525 58.6843
28.2716 64.0633
52.2222 96.9445
40.8004 28.5617
31.4127 12.877
49.1306 16.2231
11.3692 20.1646
14.7475 86.9987
72.6268 84.8843
90.6147 68.2182
12.4435 0.672015
83.7808 52.6817
63.1049 48.7889
71.9509 2.80751
53.2989 2.16608
63.0511 8.09872
97.6346 87.7012
91.1909 34.3701
39.2756 57.4209
19.942 33.0425
7.44933 53.2951
80.8962 83.1143
29.5841 80.6853
29.0638 66.2468
80.8922 1.30041
90.732 65.994
74.7729 8.73408
17.3957 61.6864
37.2618 1.79994
38.1249 65.6883
11.9971 80.9121
22.0061 97.8144
27.605 36.9869
19.057 81.0486
92.2109 96.1511
26.6272 87.1787
29.4883 89.2025
44.39 17.5797
4.5416 14.3041
19.157 88.5787
46.9529 46.1112
52.9893 71.507
14.3955 17.144
41.7209 40.9681
72.2274 56.8197
63.9365 32.2685
50.9619 20.7251
69.2244 8.58025
1.4944 46.6255
83.6082 19.041
15.3206 61.426
53.5565 12.3698
84.8646 41.1405
80.1262 6.57581
24.598 20.9566
55.0606 16.321
2.27812 17.7519
83.8848 21.0045
37.1837 53.1813
23.9824 91.0819
7.6984 54.8173
37.4727 81.1026
6.24658 26.9253
62.6582 28.5602
33.5376 90.6102
83.769 32.7268
65.1447 42.4814
9.30249 69.5141
70.5624 86.5678
7.53284 94.4918
77.4196 79.8616
13.3952 9.04205
20.921 50.6026
64.2902 83.0632
86.999 43.9648
50.1543 11.5162
68.9787 9.58388
38.9884 10.1338
86.5168 16.1537
40.4985 33.5164
85.547 12.1239
6.07575 71.3664
51.4457 72.7647
63.5942 32.6717
4.25192 97.219
86.7934 43.5783
12.9056 95.8073
5.16495 52.6287
95.914 19.6599
24.8131 49.0364
0.705071 54.4789
71.1854 61.8188
7.5551 1.3517
77.259 39.538
71.8933 61.8066
72.6581 41.0747
68.7767 67.3991
61.7895 22.2491
38.8727 1.51176
5.17453 20.8862
72.5811 88.1386
64.8035 10.6014
86.3926 46.5184
84.0553 62.3624
83.4882 21.6853
69.289 11.1287
20.2644 5.60044
89.704 15.4234
92.0033 90.0397
31.3004 79.15
50.6266 11.8781
93.4199 60.5009
87.4272 25.5538
14.1515 88.6884
36.6008 16.2894
2.44975 56.4802
88.4085 92.5166
52.3489 78.2957
85.6157 29.7376
9.16407 94.4132
50.5726 22.3444
28.2271 48.2982
33.9072 74.1744
28.318 82.2808
44.8683 69.3137
32.4901 88.1378
77.6726 69.6153
53.6063 22.4784
13.6348 40.7376
43.648 41.561
13.5116 22.9316
20.329 41.6719
48.345 67.893
17.7447 88.8585
47.6112 14.2669
62.5957 60.0571
88.744 53.0886
79.6219 69.4141
24.2458 45.2619
34.3903 54.829
22.7619 4.07771
52.2063 59.0669
6.17723 5.95914
37.0596 73.3792
75.7669 26.7966
89.8344 95.0846
96.6622 81.6601
9.39274 81.6773
78.8984 56.3466
44.5938 91.4233
6.8016 34.2191
70.8363 17.6686
30.1191 35.5913
86.0059 72.7543
79.9654 35.041
59.4804 3.9577
74.8064 69.3254
96.897 62.1586
44.7792 30.1433
47.4308 32.5114
75.6556 33.8106
55.8238 96.1079
53.3133 14.3283
37.7347 36.8092
26.5696 33.3609
50.5141 72.4961
94.3048 85.1954
38.809 57.2046
32.8799 54.8242
78.7525 49.7384
89.3462 58.2946
63.4139 0.489045
80.2989 28.0961
43.3988 7.8256
27.9923 40.1175
98.0094 5.50973
9.13853 43.0452
59.6513 7.30984
24.1072 92.8103
14.1234 53.582
48.506 51.2172
45.222 57.0007
8.16784 97.2159
32.9337 45.4969
90.2099 19.388
36.2565 65.7411
73.4795 47.0121
84.8787 17.9158
76.8603 87.9017
33.9115 89.6407
80.1877 67.6758
46.0206 62.0652
12.1529 72.3481
54.3995 24.1713
60.8458 23.2128
1.79786 22.9674
73.5903 83.0303
24.528 93.7869
34.6774 83.6629
92.5404 14.126
82.0733 71.6551
13.3835 18.3881
72.6616 65.2522
63.8296 70.5723
69.7315 50.0047
2.96275 23.2053
72.0293 61.4269
69.0946 78.5644
25.0009 7.20759
13.1767 34.7364
78.0099 3.67246
42.4495 28.9596
16.704 65.3257
29.2155 41.0013
16.6398 98.4898
69.4764 21.451
38.4021 81.2365
39.9563 14.1298
21.9179 75.2606
48.0252 94.9663
90 61.4076
43.3007 28.6214
83.8818 25.3177
54.8299 6.66213
96.6066 37.1658
75.9889 79.8285
8.78727 5.28622
92.5101 94.0905
87.5714 70.9035
5.99853 42.7986
52.0353 6.89541
83.5507 33.9944
50.8847 56.7554
28.6753 62.8526
96.0478 8.81152
47.023 78.3788
52.7045 12.7435
62.6611 31.3975
96.6902 94.9374
96.0158 73.2332
42.7986 36.244
65.9077 20.4563
63.3226 4.50866
7.37984 47.5227
11.8757 87.9721
54.1809 42.8796
32.5983 49.5031
31.7152 14.5399
67.5797 34.1598
56.8048 35.706
42.6541 64.3685
81.8497 40.4993
48.0968 39.8584
61.7037 40.9582
25.0277 22.8427
38.8377 69.7534
55.2301 35.472
30.9772 57.5062
47.0978 40.4985
86.3361 30.3809
83.1488 15.7384
17.5111 5.06043
45.6416 97.9609
98.6454 92.2319
79.7266 32.2533
3.1792 78.2893
87.4772 35.0532
23.3526 25.4455
62.0184 49.2334
98.0761 56.7897
42.5379 88.3939
13.2414 87.0548
34.326 55.8924
13.7736 41.3372
0.709527 9.41975
14.5733 13.2577
47.1565 33.0316
58.9919 74.9879
3.72261 94.6391
43.5874 26.0702
40.6447 45.7559
4.19885 84.6486
75.4465 86.0532
45.3746 36.4297
86.1363 7.48055
76.6242 56.7935
48.9369 59.6045
59.1052 8.75046
16.6246 95.686
58.8383 82.6459
13.5042 42.8182
75.7431 79.1457
46.9677 16.294
54.59 32.3331
65.8566 77.9193
51.1383 13.5754
67.2533 59.7946
31.4802 5.10619
60.4732 91.7124
94.3921 45.8359
48.9944 69.9914
91.6986 41.9593
54.8476 55.8248
56.7027 92.6454
67.6264 98.9808
26.2977 52.8881
66.5569 14.9774
22.4189 92.4641
36.5184 24.7585
17.1823 53.0213
87.7886 51.4292
82.4221 19.4732
61.9366 69.4606
62.6878 21.1838
21.323 62.4895
47.098 86.6323
79.6916 84.2749
49.5171 10.0198
90.1245 62.5482
20.2571 86.7732
17.9689 25.0583
86.0194 84.9339
23.221 46.6023
46.1371 82.9834
26.8197 79.1877
4.53865 36.572
69.5332 68.499
61.7534 9.19783
7.50189 85.5493
96.6679 58.5403
59.6932 20.3088
26.7522 4.22079
67.9238 56.8023
11.8761 42.9502
17.5798 87.1079
8.73421 22.6531
3.82686 78.148
83.0705 72.9041
46.1872 50.0144
80.2113 33.6007
16.0551 35.9983
36.1577 72.1132
82.4286 30.5401
15.7174 94.6061
76.7312 91.7173
59.6866 4.81939
10.6066 30.8017
8.03742 27.8832
92.4442 94.3013
76.3679 47.614
62.0616 30.6211
85.2548 83.2044
95.6212 93.0811
38.4897 51.6407
50.1289 32.3013
64.9239 60.6487
60.3402 53.2739
25.5043 10.6851
24.2236 36.7913
35.8524 56.1164
77.6862 87.2848
61.4584 26.8054
52.9057 63.2759
54.8228 32.0241
73.261 51.0291
8.33365 70.6452
78.9368 75.8092
36.8572 38.1427
72.7307 90.1232
92.6984 2.29145
39.8035 34.0862
32.2262 30.0289
20.3257 98.6724
7.67286 94.6509
25.5916 48.8499
53.4461 51.5803
77.1324 23.1191
32.5494 66.6449
83.7341 9.4774
4.52808 85.9292
59.494 36.8745
85.0118 87.2489
2.63256 38.8659
91.5428 90.4759
76.9005 5.81794
64.0011 44.057
42.7474 16.5697
73.9703 40.5301
7.25509 69.0196
55.4786 64.8398
67.271 15.6088
0.855092 52.0104
43.3986 58.6367
3.33649 64.2764
89.6227 22.4804
9.257 96.1317
12.407 66.8337
16.2494 17.7055
89.4987 74.9528
44.58 72.2091
12.2366 46.1664
89.9991 22.9305
67.2431 8.66094
48.88 19.1633
65.6217 15.2173
39.6059 63.4363
67.0772 59.7835
40.5878 49.1879
67.3786 59.2769
35.4588 0.669876
41.9491 55.4848
41.9271 69.1014
36.2309 84.3574
92.3501 70.9623
12.9841 46.6951
16.4604 39.3722
53.1934 52.4044
35.9809 63.1596
53.3037 44.5332
45.0942 51.7895
5.00671 15.1968
43.2567 40.7652
68.8098 58.8903
53.2079 89.2921
98.3258 74.3924
7.42702 94.7991
91.5382 73.3968
73.8211 41.7165
19.8057 57.1271
28.7376 33.0259
13.3309 14.2754
29.4777 76.8704
85.9384 0.746717
4.97371 57.0371
42.8575 79.6378
11.8896 43.9222
20.1892 71.6236
90.744 24.926
47.6544 66.5991
52.9476 84.4822
40.485 12.2061
10.9937 47.4708
11.4221 27.1678
20.6099 17.9653
23.7332 97.5689
55.0777 98.6073
59.0853 61.6553
64.6738 87.8185
26.904 31.4072
46.8043 9.63481
74.8053 83.4582
82.7022 93.5042
10.4131 20.9495
57.977 51.292
60.8387 83.6068
78.5339 24.1715
87.9559 54.8663
5.64763 62.3708
84.7478 83.6543
10.7054 75.8334
63.0472 30.2571
21.0872 3.14801
17.4475 65.8525
46.2329 67.693
58.706 61.1693
39.9853 54.3539
4.87038 50.2021
33.0784 72.6624
17.632 96.0339
41.0165 29.9097
34.985 6.48461
2.90794 0.902508
90.1583 25.539
91.7275 74.2613
76.1325 70.3581
62.2587 52.1293
8.50773 26.3242
85.1892 47.2194
9.31949 25.0071
26.0559 14.9352
18.44 97.206
98.6754 62.9813
39.1111 60.1317
66.4951 58.9793
96.5367 56.3047
79.886 18.5097
54.9036 79.9271
34.3891 69.9493
64.3156 3.35518
71.833 6.82837
39.8486 67.5027
36.2704 47.9212
22.9866 9.80315
82.177 14.893
44.5364 25.5574
12.4548 83.7874
96.412 19.2507
95.1362 44.6794
12.0829 60.0516
79.8357 84.5525
7.19381 85.1762
52.1772 29.0843
58.9872 68.9012
21.4933 34.0658
26.8219 41.6249
98.762 47.1925
26.3143 5.11491
92.5122 69.9127
17.8336 27.6394
49.0838 24.9501
98.0075 63.0818
37.0749 75.0398
29.7416 58.9626
11.7603 12.9522
42.5723 65.1554
79.9504 9.31298
95.9149 31.549
7.86288 55.7301
49.3572 58.2983
87.6566 48.2348
92.5637 51.7463
12.3571 18.5003
68.6783 32.3094
52.8589 96.6921
71.1656 24.1623
2.03132 95.3929
41.7799 67.0093
16.8209 19.9046
6.96121 54.4445
66.357 82.4564
50.9134 27.2478
87.8114 54.1761
96.6828 37.9658
74.1156 12.8608
63.7939 27.321
83.5616 84.2166
95.6131 5.93943
34.4278 31.1878
42.3154 86.9478
98.506 83.8867
19.6232 2.65924
79.9433 50.8651
58.6123 34.1673
90.7889 33.696
7.97628 98.1327
34.3631 39.0306
63.7447 38.5684
36.0507 78.3353
85.949 44.7898
61.8159 74.1348
47.6532 14.9391
30.3319 35.592
60.7635 8.01838
14.8199 65.2107
25.0292 85.9464
13.2724 18.8699
15.5347 14.5944
29.1613 51.6813
76.9922 23.0928
44.3663 69.2367
6.13893 77.1656
92.4541 94.851
12.7393 74.7867
61.7877 13.618
65.0838 56.688
70.4253 32.3307
59.4836 46.0497
55.2621 28.405
4.29263 89.0511
42.9519 92.3233
65.2564 78.2922
17.1804 48.2122
23.3953 32.1512
57.0407 9.66155
28.1465 48.126
25.8552 94.7338
80.798 23.8338
75.06 43.7406
72.5001 50.8973
36.7335 91.2101
5.23201 45.558
1.50918 15.2971
4.45237 59.9991
31.7808 98.6331
62.371 0.0148922
61.2364 39.1444
98.8251 37.0583
42.5311 5.84893
32.4822 43.014
30.6917 98.8479
58.4926 87.8901
45.9346 13.0667
50.5166 25.6297
27.4469 61.5564
23.5946 21.7711
96.4003 13.8015
46.1368 0.877819
45.2719 51.1737
90.0498 96.3711
36.7211 49.1697
59.1367 97.7393
42.0645 16.9847
90.0406 40.2836
59.2449 20.9175
42.7271 36.3828
56.9671 1.57132
29.303 82.6002
43.8001 65.8641
19.9529 21.503
5.50138 26.9948
91.6414 64.7028
46.0154 18.364
7.93224 78.4318
47.6807 52.4912
13.5086 14.289
47.3702 6.45624
22.3269 74.2737
43.6919 50.1703
32.0963 92.6936
12.3612 95.3256
81.3051 59.0197
43.4624 90.9739
35.9924 9.26796
23.9876 31.0938
96.3687 49.7956
66.0642 53.0347
93.6366 72.1082
47.8416 40.6896
35.1 4.75752
29.6857 89.703
21.5443 7.99197
76.8729 66.2246
23.5015 58.9142
85.2256 32.2174
53.0855 42.764
67.8606 81.1215
79.5754 95.3593
40.1689 28.2435
35.3477 69.174
56.7531 59.0668
55.8203 43.9806
56.4134 54.3884
35.3988 35.407
39.5813 68.6412
33.2375 55.5512
18.3491 62.7325
77.8905 51.1196
78.3214 23.1471
75.0038 98.2847
92.3761 13.9849
40.7638 25.767
84.0793 95.4606
62.0676 10.8605
25.9803 28.0505
29.9266 55.9922
71.9905 62.4005
90.4299 1.20398
2.88748 67.0986
0.360725 97.8777
64.2212 15.1234
94.7515 90.6342
96.1565 59.5953
59.7047 78.3137
92.8385 49.2724
44.4846 59.8939
18.8467 48.3013
16.9818 61.9835
14.776 0.737359
49.8881 97.1055
61.7037 87.8282
51.1069 36.4066
52.6448 98.3941
44.8835 25.162
75.4364 25.4838
27.172 42.7741
79.7187 22.7563
66.2851 43.3215
60.5821 69.7793
30.4819 52.7823
26.7272 69.6648
44.7575 24.4505
88.1241 98.9648
88.3673 86.2301
82.4091 62.3242
10.6849 60.2173
92.6838 94.4271
67.6174 8.27121
78.4726 32.1587
62.2735 95.891
89.7188 5.58926
11.0734 14.9397
52.7193 52.4012
37.376 17.2871
29.7023 20.6772
54.8727 9.84105
49.9388 33.1239
67.5946 22.1127
9.39998 54.839
90.2048 23.5192
62.6892 93.2427
77.6304 14.8972
96.2232 92.7531
90.3217 53.7226
39.8849 42.0686
0.0986586 25.414
80.0059 15.1988
84.8241 37.8891
71.1881 50.4682
40.7559 91.0659
50.807 20.1064
15.2756 23.7439
57.4833 96.6481
23.3947 68.3255
25.4901 29.7947
36.6742 47.9013
67.1822 21.5114
53.856 92.4359
44.7046 73.1813
9.09844 11.5484
2.43867 86.8797
30.8034 90.7053
95.9825 59.2289
39.0898 28.2582
62.3851 14.3276
84.5224 23.0408
66.1704 6.33146
96.0166 55.5778
67.1337 68.6126
36.0539 9.28516
7.67065 32.4112
10.9575 19.9896
24.0188 97.9268
70.6098 34.3632
96.5537 30.3583
94.8556 79.8167
53.7286 5.94299
51.5763 27.0187
86.9261 3.23733
17.567 39.9764
56.6113 80.4025
80.3341 72.6139
52.6881 54.9218
88.5136 67.0247
13.9717 40.0679
66.9826 92.8212
60.3538 56.313
15.3759 39.3581
89.0145 82.7804
93.5008 67
7.71415 7.49004
55.729 67.6255
63.071 65.3398
19.8986 64.0462
16.35 62.1464
74.8433 95.8661
9.05498 41.6778
73.3362 26.6978
58.591 49.337
88.9787 20.3337
10.056 75.4316
12.9792 7.47344
21.8596 36.3491
24.1113 70.7768
18.8455 78.9307
80.8239 21.947
8.9649 5.40263
8.07364 97.4565
59.5696 17.0428
60.0514 60.4194
42.6167 50.2373
98.1779 5.58728
62.0585 35.6653
37.1382 97.2129
69.0364 10.7693
0.253756 72.3055
88.5853 57.5225
14.7229 19.7818
85.2942 36.378
91.5871 75.5432
50.2055 52.022
55.8012 80.4146
3.09732 95.904
88.7461 1.84442
29.2608 88.165
50.6724 79.7021
3.34805 92.8078
95.23 92.5541
15.8439 63.3058
65.8697 46.35
73.2346 3.74636
43.7942 16.3003
41.9057 19.688
19.8344 49.6616
37.9546 53.0843
51.5393 54.3591
2.13861 37.9037
98.7897 65.5006
47.4547 21.6224
92.1503 12.9615
40.3352 5.68114
45.9148 46.3142
91.6148 31.8752
41.0609 26.4953
49.528 52.3576
24.4042 48.008
59.5921 19.8989
36.8352 66.2465
75.532 28.114
19.0231 38.9266
52.2527 62.5817
62.0394 5.83994
36.6384 6.42154
82.0698 52.3278
8.65482 59.5266
72.545 79.1864
86.0282 98.9951
6.43988 18.9135
69.5167 90.7071
82.1357 94.8538
2.07475 0.732076
89.4964 85.7453
78.3453 6.00247
33.1654 13.8061
35.4763 47.894
49.8765 24.1007
44.8865 79.5891
6.07114 69.5304
82.7144 54.7982
62.6737 60.9804
28.6093 18.7111
35.2477 35.0283
72.7841 64.2378
90.2108 96.5354
2.35271 87.3791
82.7076 72.0825
72.6209 56.6976
53.4616 4.99375
29.43 85.0261
14.5543 37.4347
33.7222 32.6344
64.4239 79.2168
98.8014 16.2177
18.5061 57.773
37.6133 88.6748
88.0518 0.501419
17.0974 41.9958
48.0209 2.34868
49.3568 34.8738
78.8191 49.0076
96.5463 84.6374
4.81047 41.78
39.6825 96.9308
65.4754 56.0068
44.5484 26.748
25.8227 3.16964
81.0848 61.7379
94.4307 53.5677
33.7153 35.4364
16.8595 58.7925
43.1349 85.9762
74.8816 86.9799
81.8854 9.40467
41.6007 17.7761
48.9238 95.5104
23.4999 37.6793
33.5693 14.9973
61.7252 42.995
55.5305 21.8014
89.5468 20.4425
13.3787 54.9604
64.5238 53.2443
91.5159 50.3424
62.4856 11.3867
94.3814 58.1713
10.9957 44.7789
19.722 44.0982
23.5324 27.7088
92.2266 29.8528
86.9329 35.5342
76.7867 62.6009
41.8243 59.5398
28.7217 87.0989
17.9709 54.0317
44.5981 86.3844
7.86561 67.7976
50.138 46.8451
68.2595 87.9267
49.4541 62.0207
4.04776 6.3722
32.5351 3.96574
53.5932 89.9778
21.6277 48.6801
3.03982 37.4991
69.6931 59.6406
40.5448 50.4585
6.10435 80.0053
69.0494 45.9701
18.6568 57.5279
72.0448 40.4022
10.4362 37.3982
44.4449 39.6145
10.3899 75.0855
35.7986 87.963
84.2875 12.0905
62.4132 98.5248
68.5914 41.4706
53.4597 37.9449
0.384242 12.0893
7.61449 73.2833
59.6042 2.26536
88.8882 10.7768
80.8357 92.2181
43.1366 22.7576
56.4899 11.1854
46.7623 41.8623
19.3783 83.1515
56.5319 13.051
7.55752 1.33896
57.2555 98.1722
61.9397 25.4138
85.3882 65.9461
58.0239 79.7641
91.6074 59.1381
96.2933 27.2091
32.8722 12.5007
21.2272 63.9778
21.7142 45.7506
63.3937 76.9009
80.887 85.4412
50.1259 17.4178
14.8651 77.5074
58.0386 94.6593
84.2113 73.7338
79.9344 42.1638
31.9789 80.9914
10.2373 56.7571
18.2998 66.4847
54.6409 71.1388
59.8133 98.9582
87.7789 1.81092
44.5942 32.0585
13.5389 89.3423
17.3972 5.25608
11.0971 41.0355
50.703 64.4117
25.5927 69.1707
3.33366 67.6682
93.8538 38.2762
93.9437 91.9138
18.6241 41.0724
53.7603 16.8731
27.0097 62.9406
62.2888 65.1644
23.6201 66.4105
48.9856 59.3107
2.94854 34.3529
54.9576 5.55338
2.82215 9.41816
76.4211 24.07
26.5007 54.647
77.5379 25.8743
39.9267 95.4063
75.3585 13.8857
54.7745 8.33786
5.75486 83.7623
35.728 5.9266
71.6446 45.037
61.6538 69.0026
69.1621 85.9958
86.0718 18.1384
0.137713 27.7165
69.4748 86.6721
4.98333 30.7163
86.2566 29.3652
42.9748 76.4036
3.28029 78.0483
64.1361 55.0879
32.8325 51.8597
50.911 12.0234
4.15873 39.9175
37.3996 59.0376
40.3593 20.5765
85.4407 86.9708
71.1499 18.6056
33.6277 33.8551
50.8473 11.6364
35.6525 1.95065
67.703 55.5157
93.2085 15.0352
31.0607 43.0006
96.7666 79.7996
26.138 46.317
35.7 15.6742
47.6989 29.3878
35.7982 71.4931
32.8333 60.0991
80.2841 65.0413
80.38 98.4343
14.1067 41.1732
9.52969 82.2223
83.6081 97.3215
0.935267 96.3359
12.0689 96.9531
81.7429 27.5471
3.37566 21.4943
15.6793 12.6713
65.0293 40.7182
53.5962 57.5047
20.6641 53.6037
23.0042 19.9862
26.3928 59.3934
69.3654 58.3596
69.2782 8.402
81.0133 18.8669
57.3485 57.6007
3.27055 16.3939
90.1371 1.25742
37.9854 72.1768
27.4502 78.0835
2.93089 88.1121
5.25416 56.1984
2.12917 76.4471
18.653 88.4671
56.7349 29.6047
16.5534 13.9365
16.7696 31.0452
80.1283 22.5648
92.236 28.2488
21.6318 85.7072
91.5579 44.4098
28.1581 77.3558
8.96294 77.656
96.9243 45.1971
79.5497 19.3787
39.4646 28.1482
55.9943 47.9979
28.7048 93.8589
23.7477 50.4859
32.0183 3.65623
71.3988 60.0082
6.66448 26.0759
33.5669 98.7379
75.3621 0.0635494
45.3958 53.1969
4.34678 82.9324
42.903 67.0188
87.2514 66.5162
60.1979 54.5218
35.3119 35.2506
6.45608 91.8348
53.0694 30.0308
85.2552 4.92911
11.3564 44.306
43.2444 61.2515
75.0836 95.3914
12.6785 44.5229
28.6838 68.7129
79.5399 5.63279
54.6115 95.3024
54.9187 36.6976
26.3152 87.9613
2.0946 95.9636
26.177 57.2079
80.044 22.5753
22.3156 14.3881
36.0967 35.3445
25.027 50.1409
18.165 19.2805
66.1671 41.7933
50.5777 67.4889
5.81423 91.7668
20.7603 12.7913
6.21319 16.2286
39.7027 5.353
65.8588 12.2562
50.6855 74.0992
49.1134 58.9036
50.0197 48.0881
63.2994 82.077
51.2724 77.5357
84.5514 98.8914
7.45401 53.9055
71.0287 55.4531
1.13542 12.1095
81.229 69.8906
2.56982 9.72595
50.9994 64.9427
59.944 98.2629
2.23963 46.201
64.1678 88.7158
88.1494 39.6529
6.09145 83.1069
4.76608 92.7834
81.0358 21.188
25.3658 35.8037
11.0249 74.8064
80.0085 45.8111
92.7181 45.4108
38.1512 4.83132
33.1138 7.45309
14.973 40.4587
41.7101 1.83282
86.019 98.8135
37.3377 97.3666
46.3952 28.7501
64.5853 77.7978
83.8831 3.04917
1.12302 62.9609
41.3003 98.0851
79.6079 9.1494
67.7104 42.7845
26.5372 80.0348
72.4732 52.2005
13.34 45.5175
75.4282 34.4054
52.1693 78.3078
89.8819 10.5551
21.6359 40.9491
54.8695 41.692
6.72269 85.7254
0.547969 77.295
4.79749 9.56143
60.4461 49.6919
92.9571 29.0241
36.2876 52.9815
93.6138 28.8239
35.935 8.98758
55.0915 96.418
97.6066 78.4186
80.1064 20.9442
87.3119 75.1126
57.661 0.841308
37.792 30.2177
61.2417 89.3177
2.87448 39.5408
72.4768 72.6962
97.8428 82.6945
95.4193 79.9817
36.7258 90.0708
33.1937 12.0143
34.3618 20.9916
44.4345 51.3603
7.14458 83.0379
7.07357 13.8573
64.6472 74.0327
24.0756 96.6418
81.2913 80.169
55.4576 87.6107
35.842 25.5039
90.3785 71.6352
49.1265 0.378785
92.7939 65.3431
5.48382 92.3034
34.7947 47.312
25.0079 86.0875
15.4285 89.3022
87.0719 40.4824
48.4077 17.925
55.0747 88.1372
4.04888 89.5548
84.5896 97.5067
26.5307 46.5861
13.1058 32.3073
58.9177 85.189
82.9548 79.1269
62.0437 19.963
81.446 17.7338
58.7165 90.5022
89.6432 16.7925
14.7869 69.6778
1.11934 3.10155
80.8299 96.1512
71.851 17.3363
25.9697 76.3849
82.8928 46.4105
28.8448 39.2447
11.3931 22.6088
5.54426 68.1216
51.6963 0.448472
18.4816 32.1288
70.7232 21.9493
76.9095 47.7818
71.566 15.6601
37.8993 17.926
82.2333 91.6666
74.1465 33.352
68.6938 48.8349
15.4851 54.9558
93.1997 17.1204
57.6079 88.3737
21.1623 83.5512
47.8871 33.7206
55.3735 12.1755
54.7216 69.6442
71.6466 17.9604
46.9829 2.32108
60.5639 74.9295
15.5448 21.71
85.3766 49.3765
20.3114 51.6907
73.8306 62.6511
23.6041 3.78619
26.3327 79.8941
91.4476 59.2634
94.1112 43.8303
25.7761 77.4633
11.0391 21.4275
14.8267 5.54153
74.8354 89.2161
48.762 52.7109
74.8816 45.3323
17.1183 90.0359
51.2742 42.6123
66.644 79.4869
5.78776 20.4503
10.2834 50.414
0.75336 26.4191
18.3112 15.1625
64.4976 14.5379
54.5936 91.853
45.2794 26.47
95.2895 71.1808
87.2207 23.5388
23.9035 51.3535
92.8134 96.5566
86.3633 70.4724
62.6613 69.2239
96.7693 89.5417
33.5465 72.6142
53.3473 34.1059
45.261 86.9094
29.7584 82.3006
16.5678 98.4297
15.5262 30.798
7.91344 2.05199
94.3833 6.5604
79.0757 93.6574
36.6187 91.3131
61.4158 64.9609
64.8123 4.90502
13.1017 95.3785
30.3181 83.7624
76.3158 12.7067
93.521 6.4482
65.6408 56.2986
80.0572 27.019
46.6281 59.9198
11.3705 77.2786
85.6023 78.6466
74.3485 89.3599
33.8253 58.9553
3.16546 20.0697
2.0152 27.0706
96.3074 48.0728
71.0606 18.5257
73.3161 77.2897
32.9981 66.371
10.4163 94.9858
20.8001 19.7292
56.6101 50.2843
13.2244 36.1168
86.6916 70.5286
13.9257 91.3706
45.6711 91.1395
40.0366 46.469
88.689 45.1694
3.01982 35.149
88.7717 8.62361
65.0277 14.9637
62.164 43.5166
51.7345 87.7409
7.47303 66.8299
81.3502 49.523
27.5706 23.1751
3.8371 8.87013
41.6397 36.126
72.0001 50.7996
65.48 22.9528
30.2959 35.1902
28.9696 10.2516
30.4258 45.703
5.97431 70.2607
79.1021 36.1026
39.8499 3.88518
73.886 66.8943
97.1664 72.8085
44.8398 54.8463
54.945 98.7068
74.1428 62.091
68.0455 64.4683
92.1618 14.2568
18.8714 7.64978
63.4369 16.9598
90.6409 40.0627
89.7492 24.4187
7.46224 23.8708
29.9933 10.0417
11.5771 31.9654
34.8207 64.4494
54.7 29.0058
15.7096 56.5688
62.8504 72.0407
81.1948 83.039
47.0273 74.0568
29.8161 80.0771
42.3604 6.98248
65.9477 17.9268
32.4996 45.1934
53.1685 42.5852
7.97268 42.1987
3.94817 34.1436
68.18 13.2681
3.47009 78.9724
39.2006 18.473
48.1955 56.5301
33.3591 4.0965
69.9878 45.4569
92.1328 45.3603
4.4075 79.1407
81.6004 78.3713
23.0187 29.1596
9.12415 33.2676
8.39155 64.8993
63.0825 29.9247
89.6156 46.3971
42.7027 33.3813
45.8182 26.6607
58.3354 34.9257
48.5325 45.1696
24.7747 88.546
67.457 57.825
2.56462 89.9443
18.414 53.5591
38.8009 37.8781
68.5227 33.4531
65.72 80.4103
77.2252 35.6638
29.1271 58.6141
8.97079 72.3474
80.877 47.722
35.5658 51.3064
12.9355 4.67908
79.8406 38.514
24.0493 71.6428
56.5908 7.32895
23.8519 88.2484
9.0015 56.5239
6.70224 27.3433
89.7792 61.5756
76.1366 39.6501
89.8782 31.9549
73.3601 90.5736
42.0473 35.7157
88.5011 69.1272
51.4124 77.4334
49.8832 83.9098
25.9374 59.0947
56.7954 81.356
94.1042 9.23052
36.6536 40.3576
28.8723 46.5192
86.6251 81.2468
92.057 69.5744
28.9766 19.7491
44.4217 89.0468
69.5806 10.2598
90.1736 53.1703
71.571 17.7861
23.04 36.6928
56.8043 1.61405
23.6021 14.3277
63.8541 82.7593
11.7947 9.27315
3.31256 29.8516
18.277 88.7334
43.6501 76.7054
67.2227 24.96
13.0575 4.72328
90.2683 35.7652
85.1426 11.8594
79.9811 91.8133
67.8 0.710569
59.2664 47.5586
9.32486 22.8563
23.4586 92.0609
30.0165 66.8136
80.0001 94.0676
2.27595 23.4034
6.1909 18.1573
89.0967 8.04566
53.4865 10.7815
26.5118 62.7635
64.7934 96.6806
72.3043 90.8692
14.1066 79.899
65.2711 9.5276
43.8123 85.2798
9.18359 19.549
47.4087 2.4779
73.9113 1.92266
38.5926 15.6891
24.0161 33.5149
4.68347 57.2973
17.2854 47.3514
34.1155 84.2163
25.5069 21.6343
43.1086 68.5324
37.6115 46.7825
19.2293 10.6574
33.5104 62.6651
69.1701 82.849
54.3368 91.1841
6.63336 90.9392
33.8224 51.4903
73.8793 5.70488
72.3351 54.7108
84.6245 76.61
36.7692 45.4992
61.5734 91.237
85.6272 29.9608
24.9808 80.413
53.2069 26.5677
11.7964 4.43196
48.7012 89.3124
34.179 77.5873
43.3597 51.6173
23.1559 47.8947
78.4016 62.5296
77.654 29.2935
78.9995 26.7229
95.792 89.7184
25.0344 60.956
30.2691 70.7875
88.4016 7.50953
91.3494 92.2077
58.6869 78.604
20.0994 32.8632
0.143016 40.0932
15.6147 81.1031
46.8343 35.461
84.0624 71.9689
98.7709 68.7959
37.9709 5.77002
7.22305 31.5055
0.893399 54.6306
89.5678 64.9184
9.824 68.8203
35.6318 95.0664
35.2131 93.7604
7.35192 5.89077
73.4911 74.7672
82.2609 28.5719
2.12894 83.1507
32.589 5.6876
5.16379 35.2216
36.1167 75.2081
54.5485 34.735
82.1961 81.5115
94.532 98.2272
80.2195 79.1636
2.148 34.2068
46.7932 20.2207
27.4554 55.9926
19.0885 19.4363
38.3398 15.5043
32.6532 80.7647
65.1766 69.6973
64.3031 48.1725
41.8082 86.6992
8.50242 72.1746
20.6108 17.2518
59.5516 8.10344
38.0575 83.9708
79.7631 79.1141
10.6551 16.9111
51.7528 79.0419
61.7128 28.2207
60.7433 8.50705
25.9138 66.0593
39.3584 44.2293
68.5411 48.832
70.5676 72.4925
50.2226 73.0796
23.2534 69.8336
60.4372 40.3766
13.794 16.2716
70.1403 24.3803
82.6579 53.7919
73.3761 69.4582
54.2057 4.38334
98.3416 70.4484
4.0502 6.08192
89.4801 45.4134
6.77434 89.7531
54.7938 29.8557
75.8329 27.2338
23.9172 23.1271
77.0227 63.6023
58.6667 68.0212
61.6555 84.9026
33.8088 25.924
43.1099 75.8926
45.8485 30.9666
22.2963 64.8074
3.45775 97.381
51.4913 94.6229
80.4663 87.7356
41.4511 18.8916
0.996068 33.8824
89.1464 88.6379
25.7211 44.7858
65.1102 14.9891
30.7031 84.2323
89.1172 72.7257
4.5198 86.1372
68.1258 87.4786
2.39819 60.7055
84.4475 63.2904
30.458 11.8803
23.263 74.3204
36.7458 0.431387
48.2157 19.152
58.329 5.15017
34.9314 55.0226
61.2178 37.5093
11.0475 75.5122
24.2174 15.1529
41.5635 95.34
90.0686 1.48364
31.6271 47.9267
46.5228 94.4344
88.2793 63.1229
44.2254 36.5415
75.063 86.4173
60.4481 44.6148
9.28429 20.9303
62.2424 70.9849
72.4978 19.8672
52.2863 30.0861
17.8224 16.6519
49.4877 27.3535
47.5348 75.3693
48.591 53.3558
45.605 70.8082
35.6093 43.0598
64.9404 18.0722
44.9341 50.5917
76.9952 69.1075
27.5957 87.5866
11.7956 73.6805
82.7956 51.7824
6.19318 29.1461
22.3371 92.0085
79.0508 81.2067
1.65965 3.68805
23.3929 67.1774
10.3728 41.6116
42.8952 91.8936
95.9679 62.3561
30.8494 44.0722
41.6913 87.6407
88.2108 15.9984
91.3004 12.7683
3.07578 59.8017
78.915 39.3549
65.0527 75.5981
23.8351 74.1022
4.32158 1.17882
59.0167 46.1623
31.0821 6.88841
7.01058 78.4697
85.7575 63.694
25.7052 52.5568
54.0473 82.6788
95.4681 69.3339
82.4351 67.6873
46.3348 20.2755
36.3183 22.1577
45.4717 46.3957
51.7187 88.4417
47.0886 4.7675
69.4426 79.9087
35.06 9.86091
71.0838 83.0747
17.3927 48.9115
87.7315 50.4998
59.1375 30.5086
30.4503 39.6327
41.7597 42.9309
29.9565 89.6904
59.2741 3.1206
61.1441 76.5485
92.3701 30.6921
59.5869 19.8242
30.7396 61.1416
72.2582 2.26501
17.8775 96.5345
49.5726 91.6041
5.38355 38.3272
62.1975 90.1513
7.2557 16.9988
63.4633 84.8033
80.1957 2.92192
88.9555 52.4381
42.4447 59.2659
92.5982 54.5118
59.7971 26.1589
44.5367 68.8587
41.7487 30.5121
9.21363 7.07493
2.30315 37.0998
29.4444 32.1652
14.4631 50.54
65.9655 81.0379
14.6013 8.64837
70.2794 1.17917
62.6336 30.6941
21.8444 98.1618
29.7056 78.3675
89.4096 59.9899
79.3345 89.6505
20.6524 96.4651
30.8265 98.8034
59.051 31.4874
87.3027 2.73601
93.4339 0.433286
33.982 98.4928
33.2858 33.9546
49.5901 39.123
96.3618 59.2001
34.5646 16.9965
31.8499 97.6607
14.902 83.9389
71.1719 86.95
17.8788 77.3161
26.7553 28.3257
47.7913 55.192
89.9518 22.5772
22.7337 82.9928
37.2274 1.00177
51.6731 16.152
84.7223 49.123
46.8686 39.3699
50.9023 90.5434
97.9183 18.1086
27.4138 42.2692
63.0803 3.63975
40.5219 26.2576
30.612 98.0084
28.0457 61.9956
37.4256 19.9602
26.8888 18.6253
30.6981 70.3484
97.4254 88.1312
81.4608 29.8192
92.9266 35.9501
33.9891 31.9639
31.598 36.4208
21.5506 46.1043
46.3307 70.5117
69.8715 19.7314
7.46647 71.9841
49.2978 57.2608
59.1455 14.1132
42.381 97.4212
43.0642 77.5722
9.93509 84.2682
67.3423 39.2644
71.916 47.3354
29.2588 54.4584
59.0529 35.7842
35.2996 15.2317
35.991 57.0131
51.5497 8.02048
68.3197 10.0866
67.8882 64.572
0.570766 7.63531
60.8764 94.6711
22.5381 16.5212
11.1373 75.9513
68.7048 94.4294
86.1661 7.28803
17.6847 19.9462
28.795 51.1939
6.92821 22.2136
44.778 87.3031
0.176516 72.7384
16.429 70.6926
34.5738 43.2879
62.971 75.4856
13.999 49.4073
37.8345 33.7551
36.3349 6.3294
76.5335 22.3317
32.1682 30.9388
27.7544 40.7029
62.407 30.0828
88.4731 4.07797
78.6144 64.664
0.942276 97.0526
97.9995 84.0021
56.8922 19.7888
64.584 57.3362
76.1822 9.81844
31.4617 54.0867
21.8091 36.1391
64.5037 84.674
26.3567 3.24344
49.7904 48.4986
80.0877 30.8795
83.6742 98.9229
92.2536 51.2432
29.9056 53.0323
57.3435 31.5123
77.1666 79.3144
11.0137 47.6884
28.5391 10.2731
48.3437 6.99864
54.1366 42.1807
8.47746 11.666
86.2047 69.8827
98.5464 42.2773
53.5906 95.5604
15.2349 5.76673
16.5914 57.8197
28.3851 10.5213
92.9314 12.4958
35.2864 84.0825
38.6051 17.049
71.7787 95.4031
3.46876 29.3879
83.1343 5.7734
97.2268 6.72451
2.8379 33.7936
20.9318 13.4793
84.5942 81.551
38.1458 48.2695
97.8212 77.4498
14.4762 97.8815
70.6218 40.2472
91.4697 30.4892
50.456 18.0847
22.4637 94.255
33.7811 54.3794
61.218 29.4239
57.8874 48.1952
0.600452 13.075
77.2175 6.67303
71.2895 66.1375
79.7984 2.37597
3.25938 89.5777
23.4556 10.4959
32.3845 25.695
53.3997 27.4678
40.4797 30.0788
54.4851 58.0883
95.1133 42.7007
58.4575 45.2204
43.6567 68.7335
86.4997 37.1586
98.2241 95.4814
80.529 97.8544
13.4677 16.2497
80.8276 16.9988
5.0128 52.0517
70.428 13.7373
16.249 36.3209
4.70471 76.7249
43.3431 70.4254
93.9346 25.591
49.3421 3.34159
2.39466 32.9988
69.373 0.703481
31.2329 97.1129
71.8841 47.804
70.6813 79.7039
8.88116 57.0899
80.7014 78.0018
10.577 68.3791
29.2164 26.4355
27.9656 1.98211
59.1172 0.778462
9.21632 43.9011
84.9733 97.8579
5.67507 32.1509
79.4264 44.3849
12.6949 71.1534
96.0116 63.9405
39.9504 13.6808
4.29277 6.28878
32.0374 70.8387
18.6282 64.8137
21.3063 14.3374
51.5127 32.1274
18.7958 46.3367
30.1078 45.6883
3.84166 42.0002
41.9529 49.9738
66.4184 43.5335
2.03702 20.4225
85.456 33.8249
22.6342 77.2161
89.552 87.721
59.642 93.4151
84.8304 63.0534
32.1298 81.0978
81.2889 59.9985
17.1478 0.410854
98.5591 12.4619
41.9351 7.61505
0.828371 95.1687
18.8873 11.4767
79.9333 14.8066
32.0447 93.2409
49.2837 57.3399
58.7038 0.630993
21.851 54.7546
93.9649 37.9104
49.232 10.4321
50.5225 7.89921
95.8264 11.0283
67.7337 93.7981
80.4681 69.6953
87.3012 63.1895
85.9705 26.8553
53.0007 69.0417
55.7161 82.5833
29.0364 13.7584
30.7852 67.153
45.5259 32.9013
69.3656 56.9669
48.4886 96.2385
9.97532 55.5242
64.3379 75.6997
64.4284 0.0743848
85.1113 64.8336
81.8757 28.5418
55.579 28.6584
31.0096 38.7325
77.3177 40.0928
65.2788 58.9507
71.3927 58.7559
65.5178 54.4179
42.5862 4.80436
54.1405 4.29739
12.4772 79.0107
42.9796 53.5962
14.9728 39.7464
97.0983 82.2264
65.5667 61.5103
77.1406 40.7861
52.5321 55.4741
32.3751 31.0678
94.6381 38.4721
13.8578 72.3101
7.27439 67.1328
94.1931 3.16221
16.0179 95.6887
37.2006 54.5654
58.0462 8.2033
18.1927 53.6328
88.6362 28.4461
35.3094 89.6247
85.9394 42.0683
89.7938 88.4806
78.8877 24.5744
71.2162 68.708
5.54734 91.0881
95.6089 26.2936
88.0466 10.5719
75.0598 63.8316
16.2182 55.2759
86.1918 39.3391
8.36421 18.6151
89.8337 4.83871
84.5238 1.5599
48.5791 90.8159
74.9411 24.7904
4.44137 10.8592
18.2127 28.4244
34.1295 48.4325
55.8647 56.6944
9.92086 13.6369
44.1952 26.0098
40.1727 80.5779
2.64383 84.1576
25.608 52.3294
40.1618 45.5252
49.8625 95.8247
2.39501 69.1983
41.3336 58.9553
95.7145 18.1926
23.3228 55.9176
14.6052 10.961
53.4507 10.1171
33.866 81.4721
77.3779 89.607
70.9231 88.6005
17.548 60.988
92.579 24.1278
44.8493 88.8314
56.5702 23.6037
37.448 23.0751
88.0753 13.5358
46.5558 87.6804
60.3372 58.2211
53.1306 22.0491
51.8468 45.1676
78.7425 70.0118
13.4713 23.6165
20.8746 64.0252
3.17019 5.1116
3.83006 73.808
32.5771 27.7939
18.0067 48.4715
24.6082 80.0913
60.7187 65.4002
87.8906 70.1121
64.5688 54.3193
80.1998 21.1087
45.1617 32.2807
88.4793 42.9875
27.1026 35.0777
64.6418 70.4842
43.1141 23.4488
97.9941 72.4134
59.9146 58.5061
11.1985 53.5393
61.5844 4.05894
37.357 90.0525
47.8826 97.1974
61.5393 54.7069
5.74839 75.0496
64.0291 22.2336
81.6958 23.3639
81.8715 14.1986
37.5529 41.2458
83.0224 16.5855
78.3184 41.9555
8.07062 93.2928
27.4235 25.3139
32.7041 23.2891
27.2989 42.1486
12.5863 77.7681
66.1409 91.3644
72.0734 40.3315
82.1659 38.7946
22.4995 35.6051
33.3835 38.5226
55.0174 71.9239
65.9202 87.4027
81.4501 63.5141
19.3002 13.6196
94.4164 2.61054
95.782 7.30428
81.169 81.486
38.5484 26.1171
49.9528 21.2078
93.9006 9.32033
18.0786 23.3555
1.27543 24.1045
10.4564 27.1211
95.1005 36.8197
3.54843 28.4348
49.0946 97.2558
59.844 81.9625
84.3311 91.5036
68.6595 54.5922
74.6998 35.6653
5.94039 51.3855
30.5811 70.789
54.5151 85.0369
86.4954 38.1161
98.8663 13.363
57.3295 87.4445
39.3577 0.58401
96.7037 48.1526
21.0608 14.8734
40.7852 49.3448
4.80785 22.0149
29.6914 27.2052
72.1795 87.7774
92.3576 49.59
23.6126 4.39957
67.2798 2.15168
79.8024 89.0582
51.0318 17.9889
72.5984 80.757
72.9118 80.7417
57.3608 13.3351
88.3017 51.285
82.3071 78.9585
16.8943 41.632
95.3578 64.2722
51.1934 40.9821
11.6057 77.2549
53.1236 79.7483
30.4855 44.9871
57.4052 19.2069
72.1731 53.8471
81.6707 92.3755
93.6496 43.9885
8.28695 65.9223
54.5092 29.952
56.6538 17.2484
57.6414 39.2856
13.1662 70.5731
50.1138 72.0197
14.548 92.7991
9.0324 10.4123
82.2199 88.5674
88.5563 69.4174
56.7197 15.2814
27.2428 3.30412
34.598 28.4264
51.6807 91.6787
65.7981 47.7029
52.3212 56.4004
67.0284 86.0451
50.9922 42.3486
35.4649 83.5134
91.4802 13.9071
15.2634 55.9164
76.8707 11.0154
37.7309 75.8485
88.8753 39.3314
42.2692 93.5403
52.8997 61.0883
49.6684 76.4396
19.7194 50.7768
83.5241 9.72669
39.4413 34.2092
55.7354 35.7724
16.0796 20.8867
18.1608 98.5765
33.6098 62.5953
87.3711 89.7358
71.3276 77.2829
82.4255 22.8869
62.1962 90.4768
58.6654 53.6095
10.432 17.2952
71.8631 75.4551
62.7374 46.2606
78.0567 17.9108
87.0161 77.9307
93.3162 88.0103
12.6779 78.4649
37.0105 48.2869
79.0059 59.9637
88.8294 54.5263
47.2934 36.3597
55.1058 20.6962
50.1936 25.907
58.8528 54.1499
71.5699 77.3543
0.857652 55.617
95.1653 15.362
44.4988 12.822
25.4537 7.39002
1.1908 88.2003
43.4663 6.76201
87.9689 37.5653
93.0843 70.5513
10.7888 70.4833
86.1726 76.4641
75.7042 36.4071
60.2204 55.7823
23.5861 16.2949
28.3563 90.1889
62.0616 0.378965
74.1262 83.148
6.99576 87.3274
48.5204 21.9389
47.548 70.7968
46.3995 60.8404
48.0593 83.0336
23.549 62.6204
37.79 87.6195
17.1209 8.95267
5.77566 49.3123
21.0295 87.3441
31.5861 42.4955
30.6428 27.9467
4.0783 44.7948
24.038 89.8936
38.587 4.46507
18.1573 12.9115
24.6541 66.7582
71.2577 37.0731
95.5796 24.3274
37.2297 15.5437
9.97426 74.5134
35.6155 58.0618
35.6622 25.9026
72.1259 73.6358
98.1062 58.1537
74.7779 23.2259
3.3551 44.1864
62.5923 62.2087
46.8376 13.3228
22.3796 73.7345
64.0683 39.2713
61.1973 83.1118
79.5799 42.8715
28.8962 53.2856
72.9134 24.1045
75.4753 57.3154
61.6912 78.7072
84.019 28.7951
8.07845 88.4855
29.144 97.5293
80.1151 81.6455
21.3951 25.4755
1.5597 4.74624
4.89772 66.64
84.2684 98.4842
71.813 38.013
63.7548 43.6979
97.1616 66.9961
35.0981 18.9868
70.103 23.0667
53.1742 6.80576
37.0297 58.6734
20.0825 0.973826
90.831 24.909
5.88006 27.5305
91.4614 50.3249
91.8836 69.7361
86.2438 42.7072
1.1836 76.1228
62.4366 34.1225
9.51854 74.3013
48.8079 25.9204
58.8765 93.7739
30.5161 17.7077
91.6786 42.1338
37.0324 24.0698
0.406686 14.1188
83.2604 39.8216
41.093 19.4301
27.6175 29.972
22.9368 10.6839
74.3726 41.2432
21.4598 60.6018
44.352 65.3124
46.6018 69.8541
2.41704 77.2349
27.9312 43.0366
68.6791 16.1104
15.4906 20.5138
34.0107 91.9026
91.3861 23.419
4.99818 75.9101
92.1517 80.9543
2.11731 80.4667
52.4671 31.9239
49.7696 92.0455
71.6778 80.4841
41.865 61.5822
65.5464 26.1043
70.6342 36.4233
87.0469 12.4171
31.1358 57.8221
70.2056 76.7235
46.9349 5.32158
61.0745 60.5407
75.4463 42.6002
64.2382 12.0567
79.2988 45.4345
27.832 75.4091
54.9817 45.8607
4.12315 9.96164
91.6069 63.6847
49.388 75.5013
77.1229 17.7097
86.8761 70.9313
48.3541 37.1113
76.6485 21.2639
2.95448 55.754
65.0174 46.0269
14.5829 96.7258
69.7197 38.6037
90.3075 2.86363
22.5075 68.8835
5.3275 73.783
13.218 18.8251
96.6014 33.1598
52.8928 69.851
16.7779 86.5446
18.8523 95.4932
60.7295 33.3264
41.3027 23.5447
31.5135 28.0253
12.8906 96.048
10.0332 96.0125
42.8198 90.2131
94.3562 43.6269
66.5429 10.3629
21.2582 8.58798
90.8768 88.0875
70.7201 64.6517
2.22659 85.3711
9.75917 57.0817
30.7991 30.2073
18.8949 6.63958
69.2922 88.6932
82.5709 35.1036
45.0714 26.7914
6.15886 45.7163
55.9624 66.4398
35.5371 76.0257
73.5387 19.2629
75.4139 77.995
76.647 29.2416
52.7485 13.7814
18.5254 7.80745
2.12959 5.93001
2.46545 2.12537
84.5679 0.801377
7.73692 0.271209
41.8754 28.2875
43.1655 28.1121
1.41792 30.8848
63.8755 0.317809
40.398 20.6221
75.6782 40.8401
74.715 22.4471
55.6548 49.7724
72.132 63.531
16.2737 67.8461
3.13488 30.8012
44.6544 19.4554
71.6545 76.2463
44.6409 1.87831
2.18076 82.548
62.7104 89.9801
87.57 76.2053
90.0981 89.8686
69.3091 34.5604
91.8811 49.9864
4.23787 96.3046
79.3654 65.5696
35.365 42.9748
56.5473 47.4066
77.588 11.6692
76.2745 6.6361
67.7187 58.9633
47.2234 84.454
97.2064 60.405
57.6247 77.4689
73.9096 52.3465
27.8435 81.8029
44.6174 88.3824
75.5266 94.9757
11.2249 39.6231
24.6346 83.4423
39.9544 42.3364
2.55616 96.3227
82.3583 74.151
28.1569 65.8048
92.2234 25.1297
17.7138 27.5903
25.1111 62.6432
70.198 97.6093
2.56791 58.3025
71.9537 73.5658
83.1895 69.208
3.53096 43.1367
31.6682 87.6123
46.2758 60.2689
34.4181 28.2337
2.53208 85.6006
28.9386 72.4599
86.8839 41.5605
66.9221 69.122
74.941 90.1306
66.2925 8.03573
73.9009 54.1275
51.1908 93.0759
68.4971 97.5632
88.5274 96.5769
27.1179 98.987
80.905 5.75697
20.013 84.9064
73.7973 79.66
76.8087 24.4894
94.1797 94.8304
13.5266 79.5799
34.2748 89.6627
98.1998 96.7712
73.2503 48.2634
39.8505 53.8317
9.81023 98.7575
5.07461 62.1831
13.2172 65.2424
2.37615 94.6312
20.5274 20.7166
30.6267 97.3761
42.4018 25.582
59.2533 34.6998
38.0336 43.6604
41.8473 61.7542
78.5503 71.5373
68.3074 30.9217
27.2332 78.3204
86.7594 51.0818
66.037 96.6228
74.8209 71.6139
25.4371 33.9978
97.3794 22.4986
40.3109 49.4005
77.9436 97.8192
25.3045 75.6272
10.8468 21.2253
0.393384 1.80891
35.7258 63.0708
13.1565 24.3153
20.1119 44.6082
38.4656 86.4405
39.9328 71.1911
23.1151 9.44319
59.9721 38.4998
46.0235 92.2787
78.7191 59.2415
17.8686 42.5309
89.5933 19.1033
37.6739 36.6127
72.9084 91.121
17.0167 12.7324
19.0933 34.7531
62.7743 85.1089
24.487 50.7399
37.8013 6.26615
28.2393 29.7505
80.9451 27.2347
75.4296 39.8068
78.5572 29.1528
23.1728 50.5005
5.21256 25.7708
66.8739 1.79622
95.5122 64.1206
80.3767 48.8716
37.5224 1.69876
42.2509 66.7419
20.5943 79.9101
31.7941 33.4023
62.2417 61.8424
39.2234 38.535
44.9585 1.55919
24.7873 52.017
30.3163 72.6491
59.768 70.9976
35.3264 63.4506
51.3526 14.7163
89.8689 91.5055
65.4027 51.6472
43.7843 73.7311
68.1431 69.8937
93.237 13.8315
78.7464 21.5207
51.5001 14.9677
0.960377 15.6489
88.4094 83.2336
62.7495 16.3487
6.96689 82.3555
21.7723 42.8379
71.6618 48.6338
43.623 71.9297
11.2816 35.2743
95.5546 53.0877
60.2459 42.7456
91.2928 73.2424
66.9155 24.1976
18.8033 7.69766
88.4952 85.2876
91.4304 44.2405
24.19 22.1259
70.25 37.9102
82.574 4.36792
0.410897 15.265
85.2996 29.0627
36.9761 85.2642
15.2235 71.0185
1.61234 74.8671
0.529252 71.7275
33.1357 63.8629
59.5198 26.5832
49.8927 23.588
86.7454 35.9798
81.7346 18.8924
39.358 98.2909
22.0161 17.356
24.8594 32.6758
81.2124 57.4806
96.6364 91.049
96.3861 1.00906
3.28387 91.0092
66.275 57.1798
86.5026 37.7604
7.33824 94.8088
75.4065 83.7383
55.3362 73.0787
55.9736 97.1145
77.3368 67.3282
74.0763 79.1521
57.5669 14.5886
86.8118 75.7083
17.3549 92.9187
42.905 10.7911
90.924 53.441
20.3114 20.4331
76.0659 28.2228
43.0928 93.5778
77.043 45.8792
74.2911 45.8342
96.2456 72.6249
23.057 86.2962
70.825 25.3688
44.885 28.5402
35.3202 52.0539
39.4537 38.7356
98.0826 28.4496
2.83854 50.6096
49.9476 87.8998
25.1401 20.0177
47.1961 88.9852
22.5788 67.7486
67.9173 7.94868
14.9817 94.054
77.2638 34.5459
94.7408 20.5189
36.2343 98.7982
10.5716 49.5878
9.06861 3.47071
85.288 23.9094
55.5908 84.3844
97.4546 5.40096
62.5315 35.6191
35.4265 17.6169
63.4605 8.7291
49.3584 82.3477
25.2618 95.8456
43.6652 91.4674
94.4302 64.3688
92.9967 61.4054
49.4675 27.9847
32.0874 56.7007
43.0059 11.4693
10.995 0.510434
55.0981 93.8004
92.395 93.0629
66.8415 0.735548
21.489 7.20094
8.24769 65.3076
36.808 89.0385
50.6993 15.7398
81.7274 18.2314
75.0308 12.7908
11.9901 10.4853
34.048 13.3051
63.3997 94.2727
35.3428 80.8095
60.3744 7.66837
76.1317 23.8209
31.9409 77.3667
83.492 8.67145
79.6579 40.8805
90.2593 30.2768
65.0847 84.4777
40.6142 56.2382
9.05268 94.3947
14.6382 54.0541
45.2046 93.0466
90.0477 97.2619
14.0335 11.0583
59.1894 49.9192
29.6825 90.6745
79.658 72.0474
20.9585 17.5596
96.1448 97.5201
7.04914 23.2737
34.5654 84.9857
46.6213 65.1209
28.9696 79.6808
12.6197 95.7641
23.5966 2.97412
35.7783 95.3014
3.58637 15.4511
60.5252 11.2946
98.3663 9.28151
78.7338 16.1754
0.521546 18.0675
80.6045 66.0847
32.4436 84.6609
73.8766 55.2097
75.8438 9.76595
64.0434 22.2526
25.5128 76.1064
4.51907 5.04351
54.1262 40.3622
57.2262 74.3241
28.3638 38.3544
82.8719 49.266
24.1815 45.3893
7.7916 1.91559
49.6053 32.4872
84.7524 64.7515
69.8446 43.4611
75.1068 1.01802
87.756 87.1194
57.0732 71.5687
72.1623 59.9959
84.7047 31.1779
80.913 39.0299
94.3527 12.2829
70.0609 7.34855
31.3201 5.47039
45.2352 35.7259
83.5751 69.9889
66.2746 81.0905
22.8052 21.167
53.5403 43.2451
98.3687 21.0068
8.77668 71.5433
14.5494 28.5324
24.1095 80.1599
52.2748 30.1892
80.246 90.2684
34.9284 6.076
68.6317 47.4963
51.7238 77.7872
4.51257 56.5717
31.2306 23.9012
67.5438 68.5646
91.5283 31.8486
49.0767 86.5929
27.4314 10.6088
5.87856 46.5809
37.0066 55.6616
11.5257 1.15692
75.4954 16.1693
14.0828 4.52674
72.532 41.2447
77.5754 2.68753
35.2381 55.3904
0.185135 62.729
98.1445 76.8033
87.5081 0.341973
83.7325 91.387
82.4706 80.9812
3.01077 53.4289
19.4461 86.9389
68.623 35.2395
69.8839 39.7287
26.5787 46.8898
98.5029 98.3414
77.5761 72.3924
68.248 27.5796
74.7532 17.4903
88.7259 66.0722
75.9161 50.8565
44.2107 24.2172
94.587 87.8165
61.544 15.4042
77.6515 88.063
14.1928 40.8124
50.9579 11.3577
78.8585 0.572165
88.6559 59.3634
65.3571 35.9498
94.3143 78.8819
31.2457 79.2417
80.4095 7.98527
49.5313 43.8145
70.921 15.3771
23.6957 22.8528
31.9002 94.8209
3.9836 87.2764
97.1866 18.7589
32.5324 11.2893
73.7621 43.9525
9.3287 66.176
50.3272 2.42115
8.39117 69.6783
36.7945 61.1462
76.1104 4.91541
75.4338 34.8966
43.4008 17.6982
83.2085 61.109
64.7284 34.2249
89.6677 80.7389
40.8298 19.3186
73.6097 97.9893
49.4263 68.859
83.2809 55.0366
20.5188 75.5484
25.343 36.3792
18.9825 98.7309
32.2392 30.3956
37.2299 35.1267
53.7597 62.4715
25.1965 78.2972
51.7382 60.4549
32.9582 69.9779
87.109 27.8877
85.769 52.5884
11.4511 36.3099
9.6218 50.3577
72.6502 71.1692
45.4687 30.5027
24.7377 21.7024
44.1979 91.4641
32.9717 86.1611
54.2937 39.3008
77.9564 58.5528
28.7453 23.915
12.5196 21.321
88.2088 62.563
63.7557 25.9014
64.7084 93.9273
6.55749 19.5242
45.7174 72.9035
15.8522 55.722
48.6806 81.4488
14.713 15.6486
33.6403 4.1696
82.868 70.4469
1.97798 45.1245
93.4443 85.6087
77.9324 89.7714
77.5901 97.7633
49.8236 75.144
69.387 51.748
83.4485 94.7673
58.1806 24.4273
49.2349 48.4016
8.10897 6.45585
87.9533 64.1736
22.7767 73.3773
78.0715 53.3503
63.4633 91.0478
5.74438 98.747
15.858 21.1246
7.34259 46.2993
12.3198 59.7871
31.9982 96.5578
76.392 15.599
42.1281 32.4241
21.1926 74.4292
43.0132 7.82193
60.9526 17.4649
75.2209 55.9165
88.7823 36.3485
19.5048 96.1315
41.6584 56.8307
90.0925 50.1335
88.9085 70.5481
17.3419 70.2619
69.2034 13.487
12.8455 69.1226
75.7148 90.0312
93.1859 78.0652
1.08781 90.2262
35.629 49.7108
0.672235 7.14513
54.7143 79.7904
52.1094 88.3084
97.8238 60.0094
98.6172 8.95305
87.5955 41.7184
13.5621 42.5092
75.1818 96.3948
38.1805 45.4508
69.1319 27.3702
48.7612 69.9871
51.579 39.76
16.126 82.5334
75.4041 20.8946
58.9261 30.2551
10.2336 53.6836
68.5837 86.2606
6.17566 23.1035
63.0489 40.955
64.6868 85.1939
51.2734 31.1594
7.65546 4.39651
65.6114 31.5668
72.1366 63.2129
55.7215 19.7446
93.186 31.6982
95.8919 48.759
37.1636 86.002
4.05899 93.6941
43.4662 29.7719
95.1768 69.1268
92.0259 36.4516
2.00272 66.8286
14.646 26.4641
55.7556 15.0999
4.96122 56.0914
9.60167 27.2092
29.7049 43.7722
64.4735 97.4419
34.7064 9.96275
43.2279 98.9339
71.0267 65.8083
58.2672 69.4302
10.8214 10.075
89.7799 30.9273
51.5952 8.14324
43.9675 51.8026
72.4819 3.75815
73.2926 66.0444
67.5998 37.094
84.9518 20.3466
14.3681 69.2184
41.3932 35.043
61.5088 90.9796
79.4323 46.0784
84.792 90.1429
16.7026 95.7652
61.4318 77.2768
19.4555 74.3991
20.9956 51.8856
89.597 64.4007
12.93 58.8059
29.555 29.4058
32.503 41.7612
20.094 67.5079
71.3487 41.9267
82.6508 21.1657
66.1242 2.67898
3.7571 43.405
57.9174 78.3391
81.5159 23.7577
52.0867 46.9363
80.6007 75.8176
78.3597 30.3125
83.9198 64.479
52.0978 79.894
79.6571 45.6477
21.9458 16.7542
79.998 39.1444
56.1309 97.0727
48.3038 48.7498
76.5454 10.0797
27.368 82.2042
95.3674 96.0432
40.2902 59.35
48.896 45.973
38.327 30.6392
47.7899 25.1024
56.3398 91.9069
75.0484 63.8812
60.7257 70.6174
34.9113 73.2041
81.5378 9.42704
88.4146 30.8163
69.9561 33.9352
29.6832 69.3588
86.7774 28.7706
54.036 80.9439
8.28967 23.3135
69.9 48.2516
49.3314 32.0785
25.7962 47.8608
44.5066 32.535
57.5324 71.6211
42.7108 61.4405
81.6896 45.9531
52.2479 79.6109
55.1453 61.4321
71.0741 18.2309
10.5933 21.2792
50.8456 43.4074
35.4783 69.8548
5.78209 4.98069
14.9604 14.734
50.4662 34.1792
44.5898 63.881
26.5707 72.719
73.7529 73.2261
50.2961 52.1181
23.5048 41.6243
89.5821 76.8167
69.3549 35.2187
43.042 15.4315
20.4917 81.8903
46.0528 79.9506
91.6612 66.365
63.5427 49.5761
34.7747 97.5744
64.475 5.02508
84.4851 57.1999
75.9967 37.9984
80.7056 43.6653
12.6986 59.9769
25.8953 8.29748
40.5915 45.1528
86.8572 97.7445
49.2062 49.2111
36.6542 95.2641
67.2302 24.69
10.7036 29.2039
30.312 72.7969
25.0363 93.8286
53.7155 32.9769
75.3257 51.8112
26.3385 79.1196
71.808 15.7826
2.99009 10.3624
75.1801 98.1335
40.8489 79.884
30.0767 33.8775
22.6526 3.23859
91.1352 44.5797
97.5373 2.85621
97.3669 81.3499
6.05276 49.7102
95.2512 8.61596
64.7478 52.5322
30.0435 32.3601
47.8494 55.4585
5.58847 30.7612
69.919 98.7175
96.5552 8.14649
50.159 86.3026
42.7421 9.13199
4.99159 14.7893
3.22284 12.8536
38.0479 62.6247
18.9891 38.6717
70.069 79.963
6.69022 86.8478
54.6796 64.8692
39.5807 26.9048
91.0397 17.9896
28.5916 43.1245
73.4761 53.1371
75.4423 35.6962
47.3941 98.9073
86.5167 85.9952
43.8023 95.6631
70.1937 19.6546
7.29605 55.3072
43.2426 67.7363
77.9243 94.4593
81.0069 10.9227
66.2908 62.38
87.0437 83.9549
24.9146 11.0751
4.04988 54.494
66.7211 13.8312
96.8034 4.05371
52.7188 29.3432
68.9841 90.2124
38.4136 62.5971
90.2506 1.62446
4.49235 94.4135
64.2443 74.0507
49.4375 29.8643
4.46127 27.6927
71.9001 37.5654
70.5493 94.7658
94.1145 88.3689
14.1442 44.4677
65.9791 65.4454
55.8122 37.6744
5.24697 28.8039
26.0517 21.0979
86.0181 45.3047
1.0705 37.3737
12.7277 34.1925
41.8371 36.2392
76.9169 58.8921
61.1931 96.441
62.2036 5.0337
79.9705 88.0148
52.0547 81.4512
39.6798 71.8999
72.8755 9.55337
9.83902 70.4732
30.6113 55.4646
92.5673 1.57646
24.5883 70.6191
15.0122 94.3949
53.3439 52.8357
58.0317 2.66042
56.6002 50.6395
23.0839 87.5336
51.5724 23.0596
51.3911 14.7701
95.0318 6.23904
52.9886 96.6953
71.6838 32.3598
46.2491 51.9314
53.9723 31.0687
79.9932 65.9859
32.6312 31.6489
28.713 56.4202
63.9356 47.1457
42.3111 69.792
84.9988 93.5161
93.0061 97.429
55.5825 84.5468
77.8837 44.4667
98.1116 98.1193
85.6032 9.75106
59.7523 41.5045
52.271 7.64804
54.0812 32.3099
40.0859 90.3595
82.4841 69.9615
11.1849 95.8449
62.4228 50.0903
21.3892 60.5036
61.475 98.3624
6.60016 16.4341
15.4015 9.69624
83.1797 18.3541
97.35 18.9978
66.5126 9.19348
20.8034 81.5205
67.3004 69.6505
47.4842 67.8686
21.7063 65.9055
16.1567 5.84455
32.6597 91.0792
68.8001 11.4133
44.1236 11.2446
64.164 82.5646
37.4967 97.4461
3.22462 57.2513
45.657 12.2459
28.9493 88.6136
85.3328 95.4964
26.1736 53.7025
45.0859 72.5994
25.1102 52.2129
51.7769 34.0333
8.91036 9.87046
40.9506 62.2494
24.7211 93.2053
18.6072 34.812
51.2145 20.4342
85.1094 28.8644
47.6559 41.3194
18.9582 36.8187
24.4153 28.9005
22.2002 37.5982
35.4902 8.57643
74.544 1.24381
76.1306 0.841854
96.4012 85.6945
79.587 56.6016
88.327 40.4889
51.1381 38.3809
7.66999 15.8023
11.0341 25.7771
45.9985 57.6112
18.9859 56.0506
91.7018 67.5288
57.762 13.1117
86.6751 24.8504
57.3604 38.0505
55.1684 28.3975
97.2577 35.5337
74.1725 37.5022
63.1075 46.4335
96.4514 60.166
64.6544 79.601
38.3282 67.9619
98.6207 43.1495
56.0799 87.8969
86.3879 80.9731
61.6099 72.5204
45.1704 25.4096
4.9271 5.06819
55.5466 41.4543
85.9582 5.74172
92.3357 97.0532
44.4577 33.6043
75.1495 49.3153
31.5474 62.8249
51.4777 88.3124
3.68831 84.1765
2.09698 39.8844
80.9754 28.3531
83.0171 90.3934
26.0276 34.426
45.0591 25.3856
83.8579 36.8349
91.2398 67.0586
36.9048 11.981
39.3233 85.3513
53.557 24.315
0.836153 16.944
79.5595 61.8902
76.2882 35.4336
33.4544 68.4195
71.0335 30.1839
6.79543 53.689
72.8617 68.2831
83.0614 87.4351
50.4272 50.3357
19.2568 13.1271
3.46377 57.0128
83.7714 68.7195
37.8987 42.118
54.9743 33.3458
87.8272 61.3507
82.2583 72.2663
67.4456 15.6312
69.6724 86.2071
8.05938 87.8799
44.7125 11.4707
13.2986 23.1363
63.5667 13.8352
4.15566 94.4575
29.4699 82.415
80.0002 84.8286
94.6553 69.9021
44.561 93.1953
72.0235 46.7707
89.1277 13.8848
41.0794 5.97734
75.5308 43.6127
1.98315 8.54984
44.6873 77.5927
15.4168 66.8676
52.4233 65.3973
77.8997 96.8374
55.7015 46.7323
91.9594 19.3035
20.9843 20.9591
54.5081 83.1565
18.62 74.7146
11.3883 82.8261
3.06339 53.5789
70.0768 21.5021
87.2028 80.4693
22.0438 34.3292
3.09429 20.2822
3.08555 10.5631
74.6152 77.9001
51.3491 67.1065
60.0475 22.3734
5.02221 60.2548
94.4658 29.2688
66.2064 87.3504
23.7066 31.9532
30.9344 12.5098
20.2284 18.4672
58.5966 95.3614
22.074 25.168
41.9012 46.6933
83.5094 52.3005
55.6224 88.5724
60.9298 35.9433
45.6298 80.8814
31.0382 70.4645
75.8281 39.7743
2.38342 78.5615
27.3105 8.48425
22.0241 79.7084
56.817 57.5938
64.1001 89.5861
58.134 94.1143
2.31696 29.4367
93.6324 51.9523
17.8668 78.7378
60.5835 51.2087
85.3346 12.2569
43.8407 14.963
7.06608 82.8831
3.14573 0.644877
97.2885 83.3913
35.2151 18.5415
17.6755 13.7788
80.7065 31.8424
82.5958 12.1384
96.7938 82.7395
26.1978 34.0002
36.7873 35.2256
39.6267 43.0117
68.0312 97.869
21.0801 54.9882
46.9271 7.46276
47.495 41.1024
5.85773 96.5254
84.5664 15.7738
52.4935 93.4117
68.9101 15.7637
66.2114 58.7763
39.826 21.8615
86.3092 11.5327
86.1232 2.7923
83.2231 18.2185
55.8742 69.8222
46.7921 86.1342
58.3464 19.8378
10.6091 25.5327
80.2254 50.3429
8.17205 84.749
27.6976 18.56
78.2491 13.4227
46.5009 83.8903
39.9609 80.7046
17.4503 5.33413
88.4854 58.4954
30.0946 20.6812
92.6952 67.3586
66.3105 78.3026
49.1185 47.4577
11.4158 78.0902
81.0873 57.2618
4.70028 60.9023
21.7768 32.1592
75.3096 69.9752
90.4993 72.2141
7.23207 53.8138
35.0311 9.56238
31.1811 4.83703
0.993907 31.7558
13.2452 6.29484
14.9555 63.8551
85.0635 71.1084
20.7551 9.39564
42.3595 98.1463
66.3937 77.9979
94.523 29.6539
92.2221 36.6642
30.5731 60.4989
56.654 51.0641
25.038 55.9198
51.1593 62.6542
3.87443 13.472
12.6909 72.1805
3.38777 79.4377
4.50237 16.962
70.4367 2.76246
7.58038 75.1647
66.2765 0.986996
65.1061 11.8542
62.8475 73.0501
4.17303 9.06056
14.2375 43.3854
93.642 59.5216
76.3638 52.3895
14.1684 77.3947
37.8172 4.08352
80.1294 83.5409
80.0837 83.7495
66.226 0.533504
22.7152 75.459
85.181 6.63291
46.4602 59.9967
77.4777 12.7296
1.9505 95.4839
22.4432 44.9909
95.3549 80.9046
53.791 71.8395
1.41687 25.4322
31.3996 59.3051
8.2875 72.7595
92.8746 62.294
44.9427 75.5794
55.7761 64.6275
39.4579 23.3686
20.0911 15.9666
71.9605 19.3487
90.4472 57.9943
25.1702 52.291
66.8554 67.0531
52.5804 69.6837
94.7976 43.8016
81.0855 96.9277
2.52038 59.2106
31.7817 76.1893
83.1705 19.5848
24.8429 10.3698
76.3911 43.9237
11.5978 74.1562
76.0849 86.6901
24.6282 24.0497
16.4924 55.2066
72.2757 50.1138
18.4966 37.8912
37.7676 66.966
67.9018 34.1699
19.6159 35.3034
70.9834 45.7134
45.5167 32.1469
78.8279 13.4843
6.28578 81.8879
82.3093 27.9257
33.4522 50.5656
39.098 56.4815
37.2034 64.9113
40.1324 67.4386
71.0371 91.7438
7.0182 74.9548
17.0643 62.4801
27.699 81.3992
93.633 61.9027
73.8338 3.98359
69.5333 85.6768
89.3982 94.5973
51.2314 64.1849
48.1281 89.6988
60.839 83.7764
9.95689 70.6121
45.5301 31.5491
77.1007 72.2952
15.9668 91.2032
50.197 11.5029
53.8707 23.2443
68.5468 8.6143
9.18655 37.3572
46.4628 31.5077
85.3948 9.97795
42.7787 77.3495
7.39927 17.3787
43.7825 16.7941
90.712 22.3815
66.8378 57.2255
62.7026 58.2417
66.975 43.9094
97.0518 15.3416
97.0553 96.0882
80.2378 2.6215
93.9656 17.1917
83.5122 42.7843
81.392 74.0653
87.8819 4.33831
54.7391 37.0927
50.7405 89.54
65.9413 44.6048
97.3982 25.9311
9.73716 79.7658
95.297 42.4094
19.4118 64.5265
16.5572 60.0367
37.4488 53.4353
70.748 39.7749
53.3428 15.8572
90.2979 3.18835
46.1012 45.7315
85.2015 90.0417
15.7996 37.0756
79.773 0.790177
46.3444 88.361
24.162 12.2965
97.5712 70.481
74.4875 53.9647
82.9316 83.4886
9.38514 80.9876
58.4663 55.4031
94.3788 49.382
14.0556 26.3512
29.3148 69.257
98.7107 32.5772
28.6299 67.1077
45.4348 85.2498
97.5162 90.1085
38.9554 65.0482
48.3211 95.2623
32.8606 88.3066
58.8485 32.3981
40.2915 28.4619
82.8834 70.6167
55.1671 43.4539
45.0417 15.057
47.7712 39.8018
86.6518 57.5275
59.3801 65.4701
26.4591 17.3986
92.7837 52.0625
35.7392 64.6449
9.01461 34.5199
52.4085 94.2066
79.0691 13.6331
57.8432 15.5579
29.102 85.778
94.0645 47.0953
8.8727 30.3456
6.56732 72.8086
91.6795 65.8001
44.0008 9.58823
67.2793 98.1468
66.039 76.8342
86.1853 97.5555
80.7644 87.7128
5.96513 90.589
78.6949 88.0968
57.0794 93.8769
64.4731 38.7998
92.1833 26.4228
79.8244 47.8464
33.4016 96.6217
33.8954 13.1724
80.1901 31.4497
91.4004 84.6775
46.5902 6.27326
67.5761 72.6806
31.4069 95.6237
28.0069 9.14728
20.5857 56.0814
10.8962 70.515
3.43638 16.9404
27.0452 79.7189
51.2503 24.4101
9.83107 30.1276
8.0485 37.921
16.7928 49.7434
33.6855 98.1148
2.243 97.43
28.6445 13.9598
11.937 96.2026
22.2689 44.0339
29.9788 18.6359
55.1713 47.9623
35.4784 15.4253
34.5288 65.2252
84.4491 50.4662
44.1013 56.5004
93.0187 41.6026
97.1746 75.6639
57.7724 68.0913
1.00597 26.2207
36.3604 96.2175
9.42539 79.2449
58.1654 96.005
15.7373 14.1393
25.6345 49.0331
92.411 76.3308
39.3205 72.8962
70.287 75.0634
71.7641 1.11369
30.0194 95.7147
51.689 73.1879
61.8091 80.865
10.552 88.5145
84.5821 9.04196
34.017 19.942
89.8978 33.8583
66.2303 7.4343
90.9996 97.0488
41.1128 56.5771
13.7259 24.612
74.5883 26.1528
24.539 41.0584
94.4379 12.4719
2.98103 54.3768
25.2647 62.4199
76.6345 97.9564
29.7892 61.7994
55.8991 4.33673
78.7843 9.78809
56.0623 52.5921
9.13782 50.5221
67.6155 70.2064
12.2856 91.3577
88.6614 1.66518
27.9622 10.1833
12.9461 92.2962
6.30659 17.972
16.6531 50.1894
65.6277 16.1643
73.911 82.4976
10.8874 21.5655
85.8899 49.0556
70.1422 4.12558
71.1523 69.7766
31.5069 33.0887
56.4963 8.4529
49.8441 86.9854
14.5055 96.7261
57.7278 35.408
73.5038 52.6145
94.0746 91.5522
95.5221 17.4249
36.9686 17.5234
58.7533 64.1847
5.02453 50.8423
6.18266 66.7004
45.1376 92.2784
23.4218 3.11067
33.058 42.5275
44.0543 24.984
9.54005 41.5478
46.3153 38.2976
77.0689 66.749
29.591 20.8016
11.4797 81.7928
32.5169 85.6525
0.0799575 65.6759
57.8586 64.2757
27.3198 73.0644
7.25552 59.1715
82.4759 72.6088
69.0617 72.8147
25.7252 33.6607
38.3922 0.819704
21.3533 5.33491
77.5302 4.24103
60.3047 65.157
79.4715 23.4841
90.9917 87.4029
9.51241 79.1247
95.6334 66.8403
29.7679 95.423
84.7116 58.7536
20.119 13.033
90.1469 62.8809
64.867 69.6377
20.0864 68.1172
39.8215 6.19183
1.20405 38.6708
6.118 78.3785
91.8894 52.0206
28.5706 50.8144
1.40028 89.0829
30.4294 9.24686
76.1151 53.6094
91.2737 66.0427
75.5279 22.4945
69.7263 56.8873
63.1479 19.1919
14.53 32.1241
12.3615 7.89159
52.1011 6.41146
4.8074 34.2223
8.35532 37.4129
11.6738 62.9452
94.9874 91.4566
17.8358 89.2887
55.3333 16.0889
16.5168 48.6785
77.2423 70.572
55.571 68.6168
25.6651 83.6372
73.9197 70.1413
97.1271 18.9218
4.23924 74.5359
7.99442 40.4285
38.9067 80.8442
86.9877 82.0263
30.2534 27.2025
78.3804 38.2427
79.0631 92.3737
1.24558 68.647
22.5687 26.7335
52.3912 49.4741
17.2524 21.854
97.1963 32.5837
39.4762 9.79323
81.4298 12.7219
85.2328 13.9175
54.0597 20.8113
36.2294 27.9213
83.3153 33.4926
43.3318 15.4863
33.43 54.3344
51.2923 40.6327
0.143615 7.80046
11.2511 51.6773
83.4469 26.9627
2.79839 38.3575
21.5119 86.1204
81.0954 50.5217
68.2993 13.1723
9.23225 62.8703
3.63743 75.6302
34.2188 72.7036
48.2038 8.92421
29.0762 27.1184
98.7085 76.3829
5.05264 78.1768
21.7964 2.94421
39.9681 72.1006
40.2324 79.9807
95.5472 95.1238
93.3252 90.6418
59.9154 8.05796
37.1002 32.8846
69.918 13.4889
56.8895 22.5875
34.9904 50.5629
28.9225 25.0538
89.7441 33.8069
36.6979 79.4426
24.7837 77.9378
79.6463 6.36417
34.5398 37.1479
6.89603 49.064
94.881 27.6997
42.8679 17.4462
49.1364 81.3518
27.0965 58.7475
8.01921 57.3596
69.0614 38.3796
75.1734 13.8772
50.823 11.1562
23.9517 8.21417
29.8378 28.689
5.11207 4.19576
6.87378 22.0162
78.173 56.7254
70.8785 64.3793
67.043 26.7948
69.412 85.3699
7.37288 10.1586
97.5624 50.9923
64.6 45.7111
61.9179 53.3186
55.3918 57.8587
95.5082 82.0107
83.6265 65.2552
30.1182 1.50295
15.2189 44.1592
69.947 88.0354
47.4048 62.4859
42.9137 39.5931
55.3541 84.8996
35.3658 91.252
87.5682 32.2475
40.2193 54.5657
54.2832 43.9283
70.6367 51.3521
65.6677 87.1472
65.5385 74.9991
7.04716 86.1036
65.34 81.7647
81.7069 61.0118
22.7189 36.8228
59.8799 17.8605
26.7491 17.5469
97.1755 87.239
83.9811 28.9208
20.7151 77.7517
23.1893 73.4905
88.6336 12.509
47.0514 13.9267
74.255 80.639
96.9783 59.9134
90.2395 55.279
6.53908 2.00404
42.7956 24.5739
34.4029 85.7993
9.67308 31.9732
37.8106 20.2728
51.3195 52.4616
86.5215 83.7194
50.8595 38.2795
35.507 14.9186
71.4301 1.6109
64.2207 50.8933
81.014 6.98199
90.9766 25.8901
17.0599 45.9198
71.6689 25.7446
25.6349 36.4196
90.2234 31.4966
70.3943 54.3738
44.1072 21.9118
88.7585 52.8904
77.0141 82.6841
58.1072 26.4487
5.29187 76.8926
59.6822 45.7554
20.2515 66.376
36.9622 39.0511
66.6301 5.79834
95.8244 46.7012
17.2401 33.3175
75.6127 77.8965
39.2363 70.5413
92.2785 64.3903
71.5254 62.5913
20.4317 41.182
72.2908 74.4372
33.985 2.7235
83.8717 10.4263
3.37465 4.30107
21.0626 33.2485
35.8259 72.8954
35.6475 92.819
17.9261 70.1101
66.3879 8.40451
82.8292 98.4077
47.6074 77.2792
20.7869 6.7578
18.6118 91.6267
36.9334 35.2558
45.9265 61.4608
16.7284 33.8397
6.23234 58.9064
63.5925 52.345
71.7745 0.0874147
7.84043 74.833
89.8912 9.54727
26.112 12.0424
70.4009 17.1467
48.2891 7.43956
89.7835 50.4111
76.9787 41.8092
81.503 96.8746
73.6193 98.318
76.3558 78.1554
6.2186 23.8428
83.234 84.5909
96.2665 39.8427
39.1083 77.9832
83.6433 86.119
27.1874 7.6446
0.716488 61.6856
57.1102 13.9577
82.1873 16.0973
33.4756 7.35969
74.1425 13.9154
92.6503 38.5558
45.4033 41.9808
37.8712 66.134
45.2609 97.2316
46.804 22.4579
51.514 65.6332
76.0896 58.0261
39.3138 51.1913
95.5407 77.2745
71.6987 1.58265
66.3838 95.2955
1.02945 53.6153
67.137 20.7585
75.5134 18.7321
47.037 94.6028
0.045664 35.8282
45.2348 10.305
33.1079 3.70304
71.3726 27.3266
93.815 91.1599
38.1447 5.50071
39.0355 19.7312
64.3163 50.9031
63.2423 60.9351
76.9818 92.1147
9.29507 93.3162
18.656 87.5317
47.4537 66.4837
23.2611 95.7084
89.4839 64.6796
13.0834 81.8157
51.8523 60.2366
67.3971 57.6973
57.4859 6.62468
93.1568 37.7213
0.209397 34.4499
73.721 1.93647
13.9279 51.1434
33.1594 48.9723
10.9892 13.0583
86.8614 81.1228
2.6868 90.1962
45.2474 4.1857
27.4184 22.9263
90.9058 81.9138
17.3844 28.738
65.0817 90.5917
81.3214 15.9672
5.35361 98.832
63.9904 69.427
1.79996 28.8778
65.0152 11.2359
83.1255 30.825
25.0202 88.1313
5.30759 72.0899
33.9339 71.4289
45.4071 13.9549
33.8376 33.8027
96.1177 58.9027
53.8246 83.8197
37.2256 86.5695
33.2705 46.1835
40.2036 98.7473
16.7338 84.5649
78.5501 37.8756
6.60955 15.8349
74.3486 18.5741
53.8399 45.3939
63.4518 29.3395
6.96184 22.3284
40.858 22.5127
5.20928 5.69281
7.05886 88.6624
67.3986 30.983
2.39862 8.66188
20.4358 31.292
89.3621 95.6576
13.002 52.9567
1.10561 64.7276
54.9875 87.4146
23.8565 50.7438
69.024 60.3414
50.936 66.2339
46.4264 92.6727
29.948 64.9782
16.5005 88.2585
69.11 46.2983
94.5904 56.0934
91.7589 42.1615
6.3028 80.6129
48.0215 87.1738
83.9834 27.5015
36.2308 39.1897
15.3389 21.3572
23.1759 23.2446
61.5685 76.3415
21.5417 16.291
65.2125 30.7962
11.1826 61.3133
76.2408 18.4155
71.8234 83.2998
75.1033 45.9823
84.0694 97.3468
84.9082 54.0889
50.9683 78.3127
65.5483 65.6418
89.4094 43.9386
63.5965 61.9196
89.2702 76.7518
19.2642 93.645
45.9296 63.6752
98.5509 27.4533
59.7263 10.1681
25.8541 57.6779
41.5069 42.8311
4.99769 10.2597
66.069 35.1574
18.1607 12.8797
62.9621 93.1289
77.6195 24.4045
30.8843 10.3405
84.4564 56.4554
34.5639 54.5174
18.244 94.0848
3.27523 13.7421
34.4094 49.2158
3.8644 12.6158
31.1474 55.1673
27.6627 95.8675
13.4927 98.4215
87.1276 62.7684
92.3214 54.604
16.2068 63.9253
43.434 11.9084
8.061 87.6898
66.2759 29.5905
50.6313 69.4115
30.9696 14.1536
93.179 12.036
18.7497 96.0411
86.9759 14.9625
67.2358 16.8658
90.0619 38.9899
29.0248 21.5049
76.0724 38.0543
12.5755 8.5016
3.36664 47.1457
48.7418 44.3241
79.2931 34.6329
95.816 91.9626
87.6102 18.492
66.878 29.143
73.8978 28.8931
65.9526 59.3105
3.34179 87.2173
94.0759 74.5279
42.5117 58.9815
89.9195 33.7537
37.0885 52.632
61.3691 46.2208
58.2136 23.9149
73.2649 30.9206
72.35 36.6643
0.00609466 25.2674
90.8814 73.9804
9.09458 46.7808
59.904 41.122
41.8746 81.5943
4.21029 77.6097
5.39672 72.6241
49.5282 95.2127
34.751 29.9895
8.78933 87.5439
75.5548 71.18
67.1189 8.56426
71.4038 38.6745
13.785 22.506
66.5518 68.1505
8.2007 6.38569
89.3943 76.6595
15.6925 25.2412
0.686234 2.87173
86.4515 22.047
27.9452 32.8505
39.535 39.887
45.1063 69.844
66.0608 30.673
17.6803 17.7979
89.3676 58.4499
63.8153 42.0147
24.3569 24.2844
73.4382 34.8745
28.0598 56.5288
41.7308 50.9942
34.128 71.9986
30.4118 81.6034
26.2592 67.465
13.7415 59.7668
43.2792 2.70769
5.23893 71.3985
50.765 59.9259
83.2266 79.4658
0.212247 47.7286
6.84918 6.20099
75.8254 73.3458
65.7785 62.9027
31.0938 46.2568
10.0973 60.1214
90.3796 98.1451
13.2761 13.0454
13.0884 4.52139
69.7613 71.6634
49.3563 86.867
35.0732 32.6447
2.23689 22.2835
87.3035 49.7408
4.39767 86.7269
29.7344 48.2888
63.9971 75.4477
90.778 1.73278
63.2772 46.8891
55.9616 36.2955
58.8549 86.0494
28.7723 75.9426
31.0921 81.7424
85.0712 21.9616
89.5424 43.8358
1.73567 73.5754
56.2124 16.2001
13.6123 69.165
94.6989 26.4095
5.10912 67.9594
80.9625 1.03915
88.9713 40.4954
26.1914 35.7015
57.1732 36.1133
77.7724 51.4286
11.6833 46.2292
23.1793 98.0461
17.3715 34.7337
15.9848 54.0239
19.2731 49.5904
29.9348 45.9665
44.3539 72.7901
60.0621 61.6944
5.166 13.0759
8.93132 44.6794
24.8814 27.7039
56.7822 13.2685
45.4131 2.08891
33.1752 53.1316
93.6419 45.0313
63.9172 91.614
84.0914 3.99505
2.56288 28.3636
17.0742 54.9746
88.2745 6.28093
16.6549 41.4396
16.105 27.7966
77.0939 62.7171
13.6964 22.5347
77.2204 60.1431
52.7665 78.7447
42.068 22.0949
5.51287 89.313
52.846 26.6782
28.7108 54.1474
49.7952 6.88794
70.6063 8.29264
36.2408 23.5433
34.7645 86.0654
19.4046 17.0765
76.1687 83.5827
95.062 69.35
38.7347 0.392781
76.8277 80.9863
48.3876 7.91906
37.2161 81.1437
54.3757 63.0118
19.8484 85.5184
78.196 94.3818
67.5529 29.0107
60.6471 45.0696
18.3515 2.73333
33.3217 1.72749
90.3384 33.5694
12.5637 61.1176
74.7494 42.4331
37.6598 44.3736
31.7883 31.8955
28.8529 30.019
6.37902 73.5801
36.9273 93.9855
58.591 35.6822
73.7571 71.4308
41.3721 53.6119
37.6673 89.1324
68.546 51.1188
7.20961 92.2298
50.0071 80.0226
78.1793 63.0402
77.7504 17.295
4.90413 58.1329
41.7348 91.8975
62.4134 88.0022
78.2407 74.1586
73.7553 34.2138
53.3952 11.6536
23.1511 42.2889
53.7267 41.41
5.36829 33.8604
5.55445 35.2986
30.3519 48.1494
45.0885 68.5092
35.0879 82.7578
7.99582 79.747
97.1414 32.7821
22.4839 85.7066
38.6887 4.08515
90.1254 3.72989
74.0291 68.3558
77.8235 70.5377
69.1865 91.032
67.8898 61.9996
34.3258 46.1794
65.4098 4.64785
97.186 23.8561
21.4572 51.9693
38.3884 86.3365
79.9755 34.7195
13.1552 92.1162
90.0338 8.75404
55.3741 62.4568
37.1577 8.48921
21.2362 41.3794
68.8923 27.3639
69.0869 45.2618
50.2259 11.652
9.52188 37.3002
28.2325 3.73008
92.8096 72.8992
23.7469 48.186
89.0014 57.3661
42.7309 89.1127
38.919 42.7722
12.9176 14.6971
46.3816 92.7203
39.8179 73.8235
90.7424 96.0655
15.0645 85.7121
52.3884 67.0563
5.67409 70.7641
4.24533 48.1145
83.6892 90.4379
68.5067 22.0052
10.5633 36.2912
27.4158 61.5355
11.1625 66.6434
35.832 74.3175
63.347 64.4263
18.187 12.6376
8.91649 96.3532
33.1681 15.0797
5.65901 79.1119
9.24173 45.3455
53.2373 27.8957
70.058 16.0893
41.476 57.8455
50.6904 8.41173
86.72 18.1984
85.5773 47.3696
3.24401 26.0612
80.5118 52.5095
95.5044 20.8275
98.4857 54.9719
57.5066 93.9271
81.7955 33.5196
57.2274 48.8075
93.4579 25.9275
56.3474 83.9787
14.9152 6.63026
98.4172 86.08
5.83886 58.9522
43.3374 30.6961
43.7611 4.49557
21.5106 94.5911
1.82681 11.6525
63.7573 42.685
6.70306 63.5995
97.3404 35.5391
43.3375 69.7095
71.3248 29.7665
67.4372 1.51961
49.954 96.3922
20.3385 40.5596
2.06605 44.9286
88.7885 52.4354
35.4579 15.6085
35.2332 57.7707
20.9896 40.4397
66.0757 64.1308
28.065 11.6618
98.8991 92.3799
90.8315 41.9419
91.5732 83.4899
39.4539 35.9922
27.452 39.1108
59.9632 3.99815
36.7047 62.7203
81.3159 12.1561
48.1719 27.7342
55.2707 17.8483
12.5445 22.3023
10.4146 34.7586
73.0242 47.6512
70.5846 32.6141
78.0505 75.332
30.8367 55.2251
8.55963 81.6343
96.4687 84.6073
41.3761 27.8146
64.0279 56.9445
2.90547 25.5317
24.3881 41.7881
37.3219 89.1048
82.0116 44.9338
8.55682 93.3455
23.1051 86.4617
73.9094 73.7582
21.4666 11.9404
77.4388 39.6594
45.7841 93.672
72.6498 50.9632
20.3827 12.5254
45.5763 75.7488
26.9405 46.0753
41.9676 10.1166
50.667 28.4672
71.4998 37.343
85.8267 30.0281
42.0825 51.7091
53.6521 12.8507
70.394 0.237864
20.9327 82.8119
30.2356 4.57114
75.3598 24.501
5.50648 67.8106
31.6595 18.4816
36.8108 11.3753
47.0502 42.7723
44.5199 70.9468
34.8821 23.8001
58.119 63.6713
10.412 70.655
31.1138 39.0765
43.799 53.7825
19.3906 77.3675
17.2092 24.6542
8.83624 97.0156
47.3129 19.6639
90.2458 61.4448
14.2492 11.6585
19.8213 9.88543
12.6891 58.4291
18.1981 7.32317
20.5698 75.452
76.5655 96.1348
43.433 9.00322
11.6087 88.2565
64.6004 62.2368
54.6334 34.2808
25.845 64.3583
76.4567 0.416125
28.2231 67.2895
24.5995 9.66707
41.0142 36.4039
27.246 34.7149
0.655571 87.8198
4.49115 39.5759
69.7274 36.7182
13.0444 80.9606
90.3091 61.4527
29.6138 19.3499
23.7942 35.8615
16.0872 40.0653
1.73303 89.5812
55.1631 87.8044
92.6 24.0489
82.7519 78.3122
42.3556 57.6229
62.3758 61.2317
8.03327 45.7739
13.5725 89.2017
4.97626 76.0245
18.2951 69.826
20.7698 21.1714
34.0624 14.1488
98.6842 0.253974
26.7477 72.6244
36.4066 55.9747
23.3494 70.4021
34.7452 14.8252
96.2104 51.0069
39.333 74.367
7.74858 57.184
36.7882 10.0321
59.4958 60.4507
89.8838 81.8485
90.8551 67.6622
63.0843 17.4601
95.0752 32.017
59.3607 90.1795
85.0331 2.88774
0.957568 23.741
46.0413 83.019
65.4045 65.5077
98.4815 17.7482
63.3437 57.3806
40.449 64.7933
11.9415 79.8619
23.6032 16.973
33.6869 47.0671
15.8999 39.6338
54.2447 12.8976
92.4822 90.0528
52.6607 7.18796
7.54742 17.155
87.8749 55.6382
19.1996 2.18643
93.0979 19.7457
31.4198 85.3446
73.7393 59.636
55.5306 62.7702
35.2086 11.4191
53.9591 87.9593
69.976 21.6298
70.2644 50.963
1.12306 92.4135
93.2932 70.6855
87.3866 43.3753
98.1534 8.65297
95.1735 58.1467
70.3962 84.45
43.4444 87.4722
52.0763 23.0284
23.5344 26.7268
1.98475 12.726
82.1247 68.4564
78.2354 56.2326
41.5242 28.2412
35.4568 92.2598
4.66932 82.3875
73.4762 46.8611
26.6634 50.7973
14.5522 6.45329
7.98234 57.8677
39.5265 31.2363
27.9517 83.3697
95.5571 78.5983
51.6483 18.7483
15.0001 36.915
16.5665 50.3195
20.4703 77.1764
49.6161 66.1194
95.6208 96.0999
68.8406 81.8857
76.2284 52.94
2.7769 7.16466
11.5977 0.230858
13.3043 67.9276
15.5056 74.0504
38.9062 67.7873
60.7781 3.19655
18.396 15.3611
11.0138 11.5918
34.7783 11.4868
11.0294 83.0241
28.8228 11.7861
65.384 53.9459
80.3913 69.4455
18.2104 62.2014
71.7387 75.7005
69.9714 86.4453
11.9512 45.6717
94.7111 33.2643
82.5551 88.8525
33.5553 40.4556
7.63149 24.3458
86.0406 0.643678
8.06783 0.0819324
18.1581 42.3567
26.8386 16.1524
63.6107 57.338
66.3294 30.3854
88.8032 1.28586
63.8059 72.7371
77.1292 14.226
53.2386 64.1621
43.2449 9.44912
42.234 8.33657
40.8896 62.8679
85.0324 46.2492
76.6101 16.4732
86.3803 8.19479
3.04387 94.6832
51.837 25.8971
68.7646 47.5398
6.56756 26.3187
52.1439 1.71441
17.1559 43.4024
92.6001 20.9079
46.2721 56.879
16.4373 94.0669
54.3139 82.5069
59.9089 42.4551
74.1145 80.4558
12.7595 77.21
27.0789 18.3987
85.7798 76.0853
58.8854 67.0327
72.6955 11.9192
30.6583 84.9879
48.3516 49.9374
84.1964 54.1402
44.6464 40.74
78.9366 98.9918
6.12511 8.98758
60.7535 98.6357
16.0559 20.6871
13.7262 88.9048
64.0752 17.7147
83.2926 30.3214
25.7228 59.2273
2.29282 45.3287
81.2921 45.9263
71.9278 26.8436
87.4221 76.2963
9.15585 16.1322
85.9599 68.7306
48.1182 14.8994
10.057 59.5065
39.3516 60.9157
48.3275 65.7104
12.6107 14.1953
69.4496 24.7002
88.0127 58.1
69.7482 27.5028
81.1357 32.1043
52.8532 48.1763
91.5253 90.3386
19.0905 16.521
69.3258 69.932
51.4681 95.6098
49.7365 88.258
65.6427 23.7539
62.9911 5.6502
73.0157 43.979
91.9843 66.9513
32.9461 38.5895
43.2321 88.8035
6.61648 38.097
41.1765 6.79998
14.573 33.3394
31.4603 12.537
58.9467 91.4666
98.8937 17.8281
50.4405 42.7694
31.8438 9.06508
89.2005 81.761
34.1779 6.68977
90.1188 47.7539
67.6376 19.1389
85.8253 77.4977
15.3727 55.3655
37.69 24.5639
29.9849 13.3113
41.7633 59.5632
20.0663 94.5384
92.6879 11.4355
49.331 7.48718
29.069 18.3912
17.4955 10.6661
2.5126 90.5035
43.6106 23.9978
11.7902 46.7828
92.7711 27.3661
40.0271 91.9091
50.368 4.10175
89.2919 96.2561
29.2016 88.4906
37.6342 96.6436
65.4703 45.8702
20.3629 46.7982
58.2098 67.0916
51.5528 41.309
84.1785 2.63011
42.4264 18.7385
14.3109 22.2148
78.1228 21.6777
79.5369 17.0207
1.88677 26.8385
71.2026 84.4817
62.2052 60.9087
43.9452 18.3912
56.5007 89.878
18.3208 82.0794
13.4466 73.0545
4.87554 37.2421
72.6126 69.4853
28.7919 3.01762
12.4147 46.8524
41.0704 58.8675
94.9069 17.2996
45.3943 31.2753
8.60627 64.6256
26.3708 15.7737
41.5211 0.279079
7.50646 43.1696
25.0117 74.6661
76.7933 31.8854
88.3535 89.4111
16.3684 2.58024
24.6164 78.5173
85.8496 52.6448
19.5707 87.6301
39.9918 12.7619
97.788 52.5353
43.2497 15.4247
25.6772 93.705
58.5906 13.6713
47.3743 36.4355
57.6879 16.9768
78.0822 30.2687
29.8016 83.0671
7.06893 81.1361
18.4241 27.307
6.23707 6.82796
69.4035 1.38528
72.9874 10.6185
18.9351 75.3867
9.11605 56.3328
4.37929 61.9896
80.017 8.25651
62.6557 98.2906
41.5861 71.8916
70.8157 73.3824
39.5974 75.5898
28.511 30.3785
30.8855 52.444
47.8299 37.9107
58.2838 23.416
66.0582 91.5236
77.2409 79.3029
68.2109 53.5263
12.3833 18.4128
70.3411 57.5582
43.5777 43.3069
65.46 47.2322
50.4029 50.0816
93.7041 59.0502
13.3886 64.3961
61.191 76.8879
21.0093 14.4145
30.2928 82.6228
44.8753 74.2476
77.5357 66.4037
6.36371 3.00916
41.8068 95.3257
76.0868 32.411
65.3712 36.6202
86.5869 61.7068
19.0904 14.7354
2.73908 44.9573
39.6924 14.2457
53.6515 67.9025
64.8577 9.31397
78.3504 59.4579
76.302 37.3102
35.314 46.0373
83.345 52.2996
24.4638 24.2228
17.0301 43.9211
50.4316 64.0945
43.4093 1.36681
6.28935 13.8169
69.4916 18.388
60.1343 82.4661
24.4288 48.8512
25.8757 56.0921
22.3493 48.6299
62.2672 62.3049
19.6765 16.0831
21.2875 68.1501
10.2921 35.742
84.7983 34.0541
0.974204 88.0013
63.7357 49.4419
50.5586 82.031
29.3959 40.8818
91.7706 59.9769
21.9995 82.0905
37.4854 96.2683
19.9979 40.4633
47.8497 83.6738
63.5226 72.9835
98.601 68.439
0.85383 63.8664
69.0265 85.202
20.0379 20.2216
19.04 51.1188
16.0669 62.0751
75.0916 58.2429
28.3131 28.0788
73.1046 80.405
62.5225 66.891
51.5355 96.021
4.29372 29.1484
21.7427 38.1085
35.8737 40.5494
54.028 28.7343
21.8731 85.4082
18.9257 92.0743
18.1856 30.9584
86.4056 19.3051
95.6663 23.5382
43.6371 25.5265
27.2482 26.2192
97.8585 20.8395
93.2232 70.7482
13.7001 47.9771
62.7368 26.1531
35.7773 71.6455
67.272 44.4063
89.3103 62.7607
54.4825 51.8586
77.2941 72.9405
90.2671 95.21
55.9847 80.6313
50.105 95.4389
50.8305 77.5882
57.4616 50.4455
48.2567 7.68006
58.3161 54.9707
34.042 23.2342
87.2603 30.5526
9.68714 30.3402
12.9291 37.8301
14.9327 20.9398
22.1203 54.5011
53.3651 76.3052
18.2219 93.4837
67.8767 84.5376
55.7764 11.8707
21.5451 46.867
57.6425 76.9632
73.2954 93.165
48.2102 86.286
61.6757 6.07191
43.0949 73.0019
76.8639 68.5948
11.9533 38.2034
72.1626 79.6604
64.1939 46.2345
95.6973 77.1809
13.9361 7.00826
12.263 25.8967
26.3585 15.8336
96.9738 54.6708
4.96672 61.4441
89.92 50.1293
7.6114 51.0944
58.8298 25.5048
83.0062 63.2797
53.6201 30.5169
92.7778 63.1073
5.08461 47.1727
9.4746 61.4249
56.8157 10.1831
41.77 95.5375
3.1215 2.87272
73.0734 48.6098
10.4423 85.2215
16.106 87.4504
23.9014 58.2106
78.433 79.081
86.0797 64.0458
56.6213 14.5066
37.3609 39.3268
5.65678 89.816
46.1787 39.6725
65.261 57.3568
35.1768 46.6069
42.5911 34.1234
43.4493 51.1071
70.7738 33.2625
80.3675 79.0866
3.69302 72.7975
69.1244 44.3974
71.9825 81.9607
34.3657 84.8822
6.1854 45.7841
43.266 59.1163
80.2514 74.0175
64.4295 75.4862
19.2307 20.4846
21.9384 15.012
22.6037 54.0447
0.883381 87.1041
0.152047 88.088
43.906 67.0469
53.0078 64.6142
30.6424 26.4662
50.1698 32.4669
20.0828 77.7328
11.9639 29.5504
55.4412 53.839
71.0309 46.156
3.34736 11.6202
23.5124 33.5595
16.3355 13.3473
47.5463 24.6517
56.2735 38.7743
12.1904 15.4795
3.98261 50.4198
70.2172 64.9127
37.1792 37.9922
83.7121 42.1847
86.707 41.1098
2.9367 39.2684
89.396 0.664782
20.7691 10.0076
23.7378 72.6259
8.60067 36.9842
38.7236 77.1791
49.5554 88.9977
50.6906 15.8388
31.8729 84.9993
42.0221 94.8282
96.5507 95.4628
2.56999 71.187
42.8016 83.4846
25.6203 4.05289
78.1934 61.4042
32.5417 81.9278
5.49653 94.8244
58.589 38.1522
79.7078 87.5001
14.721 9.41747
88.4957 56.763
31.3069 75.4041
55.9355 7.7085
5.58714 57.9486
46.1754 88.5689
38.4549 1.61638
2.77062 40.5575
75.5414 21.6414
3.36108 15.6527
87.3608 48.0738
22.8146 11.6053
90.4443 10.66
96.8175 34.4
0.33451 16.439
51.3512 93.0571
31.9275 37.5913
80.3245 96.0968
78.6952 63.9728
0.888508 49.6788
69.3353 92.0819
88.1373 0.864246
5.29593 88.0719
83.4866 57.8977
49.2693 53.2494
97.3502 51.8285
22.9176 38.1312
15.277 25.0562
15.5701 58.4992
41.9697 10.3908
66.2238 7.39677
17.9913 95.4975
66.1509 11.5427
56.0314 77.1902
94.7728 91.0948
35.8046 65.5987
61.45 71.015
73.1977 72.5657
35.0815 33.7456
1.98886 26.7182
79.2032 50.134
29.4016 77.6952
27.8967 93.1658
4.01849 76.2454
56.0532 1.37024
27.3892 16.8928
6.80125 61.9567
0.946116 29.7944
18.5013 22.0137
26.9224 85.7862
77.7372 8.49406
86.6367 80.1309
84.7689 31.4592
94.326 38.6423
0.807361 34.1576
56.3988 20.6715
57.7884 26.6971
76.1742 40.42
0.839737 17.0469
69.0703 37.0664
18.6787 59.967
14.9031 85.5036
11.26 30.0992
86.6774 55.4702
76.5063 92.7171
84.638 79.4926
22.4128 14.3961
55.4758 81.4335
16.7274 48.8519
88.3483 15.4946
58.2494 82.9537
45.6539 63.9066
28.0518 85.984
14.7962 87.8771
72.0848 45.4641
97.1329 15.0662
21.1177 48.2868
21.4813 82.648
7.75193 35.0873
5.47938 86.3865
57.0024 6.45954
82.9478 88.8116
46.0555 83.6037
16.665 94.4512
9.78697 93.7271
81.3696 83.3006
11.3109 66.8593
0.504044 16.1282
0.714045 52.9569
1.97871 2.28872
95.8776 39.1433
72.34 18.4597
57.3892 90.8307
92.2049 86.2476
9.46163 4.40844
65.9473 46.5825
93.1262 76.886
38.8378 56.2824
18.8999 64.0479
35.1054 3.67636
78.8163 91.8531
34.6674 42.8662
3.57224 14.7422
26.5563 52.003
71.4069 44.3553
74.8905 71.489
52.3908 49.1334
46.9116 67.3324
57.0665 29.8204
65.7861 66.0258
48.333 68.1162
24.3095 29.2909
15.5698 36.2611
9.07281 8.53759
44.2704 85.5476
30.1781 78.3724
80.0083 67.1334
35.1877 95.2724
61.3322 9.06377
69.902 50.5512
47.3647 27.1347
69.0431 83.1854
97.0233 74.2526
66.3833 27.2793
19.7347 72.4215
58.5013 49.1888
35.0817 68.0612
12.6691 50.4126
94.8174 47.7355
84.8759 76.2993
9.24621 0.749722
25.357 21.2552
15.2048 85.4323
64.0163 93.9196
89.0958 40.7616
14.965 42.6538
19.9514 35.928
55.6591 16.1894
58.3477 45.138
47.1889 90.2155
63.3183 59.657
68.4488 85.7513
10.056 55.1127
58.4909 77.6691
47.8243 22.5597
23.491 58.8243
6.94632 28.2228
18.7277 28.7696
90.2716 7.13703
27.9442 15.097
43.5672 53.0776
20.555 17.905
51.7791 67.063
54.5096 29.4621
32.8468 86.3414
16.9849 55.8816
16.6381 95.7773
98.1513 31.3878
47.4051 84.1542
37.522 33.8175
61.4091 6.00946
84.9899 80.874
57.5233 31.086
7.43543 42.4666
17.8836 66.0026
57.8111 95.0862
13.5191 40.3625
90.3025 75.7628
68.324 30.187
13.1639 7.60256
27.1524 87.1544
83.0779 37.5702
3.96115 86.5908
6.1486 31.321
93.7772 96.2163
69.755 51.1658
50.2943 10.032
92.5171 14.3439
2.68472 27.7864
80.915 95.9361
14.8013 35.0233
39.9876 74.8754
60.4975 25.6119
40.041 26.1427
31.2492 21.6118
87.6544 88.5212
1.06872 13.9654
70.2682 38.4679
11.7504 27.2682
77.856 46.8897
17.7358 83.0236
48.566 2.83459
18.3641 78.435
73.1644 58.5239
14.4979 32.0051
77.755 67.8462
45.1154 94.0419
93.238 20.2009
57.4007 35.8435
46.4822 88.7305
93.9556 91.0693
16.9717 28.5535
77.4771 79.4125
60.3607 31.8778
62.7805 4.82875
90.034 58.2745
2.63805 40.7957
19.6615 47.3542
87.7762 34.7328
32.5074 55.1118
46.9813 45.809
27.0576 88.0007
76.1414 5.21359
23.4027 77.3156
88.382 60.6968
58.3705 45.7384
84.8147 43.6809
23.2107 96.7389
94.8322 83.385
31.0509 79.3982
4.99687 16.2264
87.7943 39.0684
94.0462 77.3185
35.0819 82.6799
6.88958 94.5464
35.4328 38.3955
23.2881 24.7263
27.5778 47.4357
23.4379 90.9035
25.0706 81.5099
6.1428 25.0082
55.7001 94.4599
20.0662 79.1537
93.6853 72.5935
89.8419 45.4243
48.4306 63.7408
37.5643 40.4444
42.7624 34.0613
31.8028 38.9265
45.9742 34.9614
89.1232 83.513
53.4554 2.08156
9.68892 29.6826
75.4083 55.2779
80.4331 84.9944
6.03224 90.5826
11.1262 73.5513
87.6051 19.8707
34.2743 72.8267
71.7929 16.9163
64.1833 1.66894
87.9576 14.4744
44.079 74.8773
51.1775 0.370777
20.1847 9.32938
27.3407 76.86
65.1781 37.0567
78.3082 12.5878
85.102 75.9892
84.1813 9.827
33.0003 46.8326
36.7095 49.2823
16.1253 7.8196
25.5254 57.3305
57.7832 34.602
54.3767 6.86504
86.0695 58.7494
6.36973 73.9985
89.7393 8.84761
38.6053 55.8603
47.6918 0.112826
93.2994 26.1912
29.0156 15.6444
2.44488 14.8274
83.2059 47.777
14.6002 23.1831
94.6121 51.7427
48.2565 48.131
66.3562 14.1135
54.2114 15.4324
77.8769 48.7249
71.2527 41.3868
31.3602 34.9948
82.8453 23.1089
57.1763 88.2012
12.6731 21.5155
88.0488 60.3473
89.6236 61.0882
46.599 92.253
62.6199 6.78721
71.0343 89.4764
85.4551 47.4444
52.6787 8.50837
34.7954 92.1921
55.7618 8.29972
55.9241 50.2352
20.5405 89.5485
12.9475 41.4807
82.1114 9.05418
49.5212 55.8472
34.2059 80.2054
71.7399 86.1904
94.4214 41.2644
71.8257 44.0213
89.8039 30.2618
96.4173 83.0083
17.2613 98.7253
98.0653 12.7755
17.6682 89.8195
85.042 49.8363
39.8829 43.9523
70.736 74.1135
27.0134 52.4132
13.85 14.8516
91.5973 70.7268
5.83479 49.5175
91.7514 50.1592
33.9393 69.2155
0.0402816 9.81594
31.9771 76.7703
71.4813 93.4666
24.8758 97.5787
28.6959 49.8409
40.5408 63.3319
53.2602 61.4664
87.8318 11.5378
96.8529 70.114
71.5654 84.6391
46.4113 6.83631
10.7452 53.7809
29.9332 18.7808
92.7645 19.0064
30.8161 14.2794
55.4314 75.218
53.7074 60.4904
43.8438 22.3337
11.1956 1.6274
88.3152 32.119
12.5684 49.2407
85.6914 64.2385
31.1472 37.0846
87.2926 33.6919
15.9733 11.817
27.4749 1.06276
84.9076 20.251
65.3969 24.934
93.598 9.20753
72.0303 84.4415
25.3109 66.2854
12.5683 91.7299
6.18847 91.8189
18.8563 27.7091
8.61828 27.6518
80.7934 59.9685
37.6284 29.4465
53.9711 86.4302
51.3717 41.6835
70.5766 86.1404
75.4332 56.7772
73.7779 92.8789
23.2676 48.048
61.9084 16.5053
30.9984 15.6373
78.9765 39.0926
48.4927 74.0767
93.9336 30.1007
2.5995 67.8862
35.5346 15.0657
11.9597 61.615
13.463 4.88497
48.2945 72.6745
77.1451 84.4394
60.309 16.3472
48.5539 56.7552
31.4614 27.6691
25.8069 23.5782
45.1116 86.8182
98.3727 18.6807
39.2986 91.9238
80.5789 23.4469
89.6076 87.4851
82.1614 23.4385
12.5693 68.1328
14.6721 29.2713
91.1923 31.5185
3.05365 19.4444
18.2279 11.263
31.3264 61.4934
73.3589 98.4187
20.782 3.3738
44.681 64.3411
0.322251 5.05703
6.31053 73.4584
64.1503 64.9234
67.7425 1.40699
11.6907 46.5735
36.4163 82.2636
47.7144 1.10515
33.8389 27.9082
49.0568 23.0633
31.7194 70.5679
1.53944 57.6025
29.7422 36.948
2.50038 41.7793
1.17654 54.2224
43.4119 91.1658
23.2608 82.4911
25.8973 49.9357
92.7375 44.8053
15.0965 41.5324
78.3622 4.05336
43.1471 16.104
45.7542 3.56529
27.3162 35.3439
5.06418 51.4674
90.6775 97.7114
30.9023 63.8097
19.1272 56.5177
33.1217 4.12755
81.0439 68.0594
56.8525 80.5214
15.4554 70.3561
98.9829 27.4367
35.9502 60.7072
58.1361 12.7581
50.0264 18.6842
22.066 75.977
94.6334 1.82334
68.2712 20.3114
91.5461 71.335
15.1077 10.9606
42.115 4.47344
57.5352 26.2115
43.7927 29.1332
42.2872 72.2464
11.3251 82.3652
85.3036 83.428
91.901 45.7823
25.4862 97.9754
96.9246 53.8987
94.6189 34.7981
68.0579 88.8991
2.12375 47.2738
80.2454 25.6194
60.3352 71.4607
57.8887 35.9771
31.9732 51.0184
37.6416 9.66892
62.5545 96.7447
56.7617 49.9394
25.2243 61.0984
30.2273 37.9
42.3177 59.5277
55.7654 12.3656
83.4083 60.377
47.0772 29.2146
93.8144 80.5088
33.8734 7.07805
5.13874 90.5824
0.099749 76.13
41.0733 86.9697
62.3418 23.984
73.6453 73.9641
69.1738 46.7399
30.6838 96.2208
98.8802 12.5925
57.9133 91.7768
14.4722 78.0148
53.8246 69.0155
26.4529 88.6629
73.9584 73.5322
42.7961 49.411
9.08309 64.5326
65.1217 40.4992
9.33799 40.3875
92.7897 37.4909
67.7304 54.8829
16.6579 26.3275
50.1293 77.2336
77.1553 4.88127
9.28432 96.0126
0.022667 89.9084
87.775 0.962421
45.0501 91.0605
14.1008 21.8783
50.8821 83.9894
55.9802 24.0011
40.2288 24.0079
53.285 52.0592
57.8236 44.4669
39.1742 52.1427
21.4329 47.9885
29.543 52.5524
3.41825 4.08891
98.7968 66.1875
96.7755 65.0856
10.8736 12.0124
80.6551 70.2461
87.8115 50.0218
3.76388 52.6866
40.5865 30.3985
80.4745 7.95679
12.9634 85.2092
30.4729 79.0486
7.71505 42.4132
37.2067 73.4436
31.1836 1.0636
57.753 41.2481
32.3798 10.5566
38.4714 64.9397
9.93756 76.0629
29.4562 81.7138
77.4314 65.8949
77.2718 26.7241
97.5293 15.5875
26.4535 75.8674
92.4928 68.0877
41.8677 98.84
46.0889 63.4849
18.1324 48.2784
86.6978 44.9882
94.2097 44.2491
57.7491 13.1806
47.8781 39.282
4.84289 88.1705
69.4704 2.25616
88.6319 33.4939
85.3271 66.7322
56.1962 33.1194
86.398 80.707
55.7878 56.9321
89.8049 58.2451
85.9324 44.9435
18.6542 26.2701
49.9761 66.4426
98.3777 2.6877
25.5931 6.25037
62.8387 46.6486
8.03298 41.7352
82.8196 14.3354
26.34 1.14853
92.6785 53.9216
56.2671 34.2695
18.9374 0.726421
76.1303 63.246
75.5594 32.5797
62.7707 17.9323
93.2721 53.4593
57.605 74.1927
27.9906 44.239
38.4528 18.5258
63.1105 44.8768
77.8885 31.8675
87.4766 63.1587
30.889 83.9
1.72714 59.1676
95.4778 71.8295
8.26642 46.8238
2.23195 9.41021
54.0594 86.3262
64.3144 76.51
97.4854 89.5524
79.6491 82.7637
49.6278 57.6773
66.8139 48.8368
6.3868 85.9414
57.8998 36.0545
68.8945 15.2103
57.8531 78.7763
63.0998 91.6743
27.6618 62.304
5.03191 75.0203
37.0984 71.115
15.107 51.6585
28.3844 48.5745
64.4781 48.069
92.0568 21.3026
61.464 29.4532
8.57642 68.0905
4.13643 11.4034
21.8772 7.58241
1.14929 29.4348
6.51307 10.565
73.962 47.7941
72.1222 73.7633
65.4229 46.3346
20.6995 42.5506
81.262 15.2988
2.69026 0.576575
44.8203 87.1365
15.4682 37.8402
57.7518 38.9106
46.5503 3.92972
94.1503 23.5779
36.7738 59.697
10.1508 44.8749
0.480812 19.8693
57.1192 94.3881
65.7242 17.6689
31.8726 27.9851
5.47697 41.6957
30.3003 2.47178
54.1089 45.3189
73.7112 47.8751
42.8025 87.2333
37.5178 80.3579
87.204 85.2645
53.9044 17.8037
95.0368 63.5647
7.76301 9.00938
36.0384 7.54411
28.1809 78.2937
2.48901 59.344
71.2433 8.05216
61.7538 25.6739
91.2978 88.5364
14.1138 77.9578
23.1464 48.8247
30.5784 64.7522
66.8569 73.8813
23.3626 5.37652
71.5806 23.0846
89.6546 28.9516
41.8021 40.5121
66.3686 72.0601
53.4058 42.5549
57.1495 55.5298
51.5468 2.19285
21.7459 72.8828
55.5474 45.1191
81.0918 54.9104
1.37859 2.47916
48.5269 71.9303
31.3327 35.2211
91.5202 54.9084
11.6886 25.7297
97.1836 67.3287
92.4243 79.7653
91.0114 22.9207
77.793 68.1735
70.8495 46.6193
97.6887 29.389
22.095 16.108
10.1303 20.0635
31.5316 82.5768
10.4176 67.0442
95.6526 6.05848
43.3524 27.9733
81.3434 49.7215
3.79679 91.2917
88.5243 72.6975
9.64594 46.8531
59.692 83.0514
19.4968 67.42
89.108 72.3878
51.8311 94.2843
45.6324 60.0666
44.6556 47.9693
93.4329 35.967
56.1988 48.0973
56.3956 60.709
31.895 61.0919
48.9124 95.3281
98.6634 29.5029
23.8159 94.0505
93.1892 72.4454
7.60601 18.5525
12.2761 25.1341
48.1698 25.4385
45.0418 8.46369
15.6868 83.6269
21.3357 44.0008
41.9534 17.2155
68.8427 41.5511
73.2833 73.0612
63.6672 62.7001
96.5664 88.4607
64.3317 7.1221
54.1756 89.1939
51.3249 27.1596
34.2141 58.6311
71.7715 81.8057
60.622 40.9034
26.4015 48.502
3.58467 46.6713
96.2495 13.39
51.3894 80.7745
62.8256 80.699
50.5525 37.6774
68.4635 15.2569
56.6385 19.8242
38.7994 1.20786
7.32912 18.6283
45.271 81.0442
29.3969 86.7493
49.2159 89.747
28.5798 82.0331
88.7507 45.5769
24.6396 82.1286
55.4595 41.4561
11.9864 23.9195
77.3669 36.4748
64.5858 52.3956
84.0876 90.4604
61.5661 31.8439
41.4062 73.8136
32.253 73.6787
61.0353 56.4675
36.1486 28.6203
98.6507 90.393
9.89901 42.6309
12.016 33.0585
38.1165 92.7566
96.1989 83.1411
60.238 8.25361
80.731 55.8215
77.3835 55.5598
40.357 48.5166
88.7011 26.2077
55.964 75.9586
5.00593 19.2784
25.1473 70.4898
17.4702 59.4202
71.1371 29.226
73.1712 92.569
73.9063 44.9227
55.0879 82.7299
6.50728 22.5157
52.0961 72.2287
81.2757 46.4969
41.3504 74.6581
33.3634 39.7733
73.8355 13.5353
77.071 80.0339
36.81 81.6069
63.0265 42.6133
2.88267 90.8394
83.9568 41.9283
73.2809 30.7015
59.7023 19.5868
6.81242 12.4146
6.18861 57.2642
80.6244 1.45664
4.90469 8.30362
98.845 5.79753
90.8614 61.9412
93.1777 35.1224
90.7357 40.785
37.1227 88.1939
30.2454 72.1261
46.1174 8.56173
13.3843 8.84182
27.4797 62.3262
71.4769 38.205
30.8023 70.9351
69.1742 3.41685
28.6015 58.6802
75.9099 73.1391
21.587 34.2712
68.8066 63.2612
3.27887 14.3941
46.511 27.8201
81.6613 60.2893
28.5848 73.2842
18.833 41.1895
82.0848 97.9115
96.5614 15.4445
81.6885 30.4827
43.34 31.324
77.0559 23.7217
24.5813 36.7664
59.6312 6.13706
9.87162 84.2995
19.2246 70.9592
55.56 60.2362
11.5462 42.8714
97.0511 77.3997
90.4307 22.7786
2.61002 45.7703
44.9461 37.7946
83.4284 12.8028
90.5435 91.3081
44.8768 4.19365
28.1539 16.4894
78.3695 1.59447
88.9508 3.94791
42.283 83.1646
20.6156 12.8155
50.8702 1.98043
1.61159 56.0549
40.9153 17.4685
41.6982 51.0066
35.7923 16.0896
37.1144 38.5747
31.2382 8.77361
14.3028 58.5199
87.2923 84.1079
3.98703 36.9494
49.6298 19.4962
9.44386 40.8458
50.0333 80.5465
8.46342 65.9999
8.68884 42.6686
4.62486 42.2071
0.298987 90.2668
44.4852 83.589
74.3898 77.2006
26.7633 26.2218
41.0922 10.5756
17.9155 12.2048
92.5536 62.7649
74.6882 87.3429
29.521 40.4626
30.9548 76.6836
24.035 39.3123
29.9292 31.509
89.1306 22.6568
72.1578 17.6181
48.1437 47.1435
28.5554 74.8796
6.52427 71.0447
36.8893 34.3197
86.0085 38.3408
62.177 90.4736
20.2437 25.2629
63.6392 51.7174
20.935 12.2271
35.2557 18.39
7.27228 66.778
82.6878 67.3074
87.7087 14.1791
1.64759 91.7347
29.8476 78.307
68.5541 51.8915
55.833 52.4871
36.6995 52.0035
97.6234 86.2424
28.0311 16.3265
97.2856 47.6079
38.857 26.0913
69.8964 71.4117
66.0106 46.4958
90.4404 41.0515
58.4069 25.4309
78.865 77.8276
54.8367 96.9337
2.76906 23.1004
97.9322 56.8799
57.3473 52.6907
13.9316 22.597
9.65674 7.51956
81.3335 20.3699
44.222 12.2566
8.49753 31.1914
37.9892 34.6584
47.5487 47.2593
56.4251 64.5467
66.7345 44.1146
11.3898 66.4946
72.3974 6.95113
15.2675 5.08257
77.1898 77.344
46.7156 66.6064
77.5512 80.6443
31.793 51.6305
4.64133 59.2845
82.0678 83.4958
71.4825 47.3556
57.5207 43.3076
72.037 80.7225
32.9525 80.008
74.5757 63.7606
49.2219 29.4155
52.7262 1.93908
6.58156 70.4334
66.8549 7.54732
6.09369 72.7207
85.1247 96.5112
54.6278 74.7316
18.1372 55.4102
44.4973 60.3695
7.40749 86.3107
94.9007 17.7943
76.5035 60.8139
46.8329 71.8889
3.28495 73.8637
61.1002 71.603
92.5186 87.6736
74.5841 28.2358
5.79204 91.2268
52.2784 12.6142
64.9016 28.4996
0.700986 69.8586
71.5284 12.3925
46.5431 70.916
84.9686 78.6915
96.2896 12.6373
42.7189 46.597
2.86415 8.85378
72.1602 21.5112
61.4587 10.0935
68.6786 34.0843
69.1151 5.67704
35.4462 37.5938
69.2101 23.1617
27.9022 48.8112
15.2066 29.6818
9.16534 64.8423
34.2556 56.0129
94.4954 35.5375
55.7826 75.6408
55.9577 79.5352
45.4201 9.97745
10.2622 44.8911
7.05444 81.8958
77.8321 77.2255
25.1306 11.1078
98.3775 58.3511
8.159 64.0938
14.728 97.4208
24.996 77.4698
92.9578 16.3603
61.7337 35.138
79.4797 36.6211
74.5596 62.0829
69.0616 31.743
66.7675 17.2661
12.539 78.8476
78.9074 86.7418
59.352 70.7706
40.4403 40.2804
72.2051 56.6868
91.1217 39.8318
98.1427 43.9121
4.51627 62.3934
15.2981 7.39814
51.0998 69.9431
8.03843 4.21907
22.2497 53.6232
93.6042 14.0377
0.81004 75.0997
9.09177 83.9477
33.0254 71.949
62.7622 13.931
55.5362 84.5985
60.8264 21.7592
57.1539 89.6248
36.2722 10.9689
40.4759 51.2849
60.0337 65.0356
37.8253 66.2844
45.9471 13.0623
48.5616 49.416
35.4439 13.3026
81.0736 61.8961
19.6384 76.1106
77.3326 91.5079
77.7265 88.9817
60.8127 24.4905
20.9514 59.2487
42.3187 0.889334
22.427 98.5233
75.6462 13.5149
48.0342 53.0807
24.6403 66.7407
61.8917 30.6276
58.7401 90.2932
21.0392 78.6408
50.691 19.6359
77.0645 85.3239
78.5463 11.2141
31.9564 91.0119
24.0788 8.56787
22.2311 54.8922
97.7486 21.5878
34.1181 73.0416
25.0083 26.7672
48.9411 54.9888
97.7003 49.9856
38.8614 60.5346
84.7301 45.0392
76.4913 38.1235
78.6057 33.5792
78.7715 85.2524
64.1574 72.7054
62.0896 48.0773
95.7216 23.5345
73.1389 69.3182
14.3329 9.68601
5.6107 4.54242
80.5864 61.5584
53.9154 20.5241
95.8756 79.1362
64.4367 83.855
51.7545 26.0408
20.4941 20.8738
80.3275 41.9761
75.6434 4.59795
40.0963 78.6153
80.2063 10.3287
83.6378 46.8134
92.792 73.9572
42.7033 82.5137
35.7653 6.10461
25.2787 71.3638
30.3848 83.9969
93.4816 9.09036
74.743 80.0807
72.7929 25.7312
55.5212 89.048
64.8435 43.9417
16.5451 44.2826
36.0856 19.7595
28.4369 80.0617
76.4864 30.7611
8.33295 50.9703
45.5299 2.00338
57.0182 29.4069
96.3409 28.9565
18.2083 32.4108
94.3985 97.7441
84.8288 44.9705
40.6551 64.9636
18.5934 72.0236
18.417 51.2488
17.1257 80.5966
97.1523 26.0345
11.0958 83.0186
44.8852 18.0426
22.2408 90.6413
13.381 1.86313
98.4414 76.9456
41.2811 53.9417
19.2669 41.7023
21.5841 70.2962
17.48 55.3655
31.9275 60.0728
10.6727 55.2867
54.6735 11.0894
15.668 32.5673
81.7584 59.0204
64.969 77.5462
51.516 96.5337
62.766 81.4729
10.3069 90.2564
41.5936 84.5016
45.4325 71.9954
6.55228 44.63
90.9932 92.6964
28.216 67.8956
0.127639 40.7929
56.0271 19.4603
18.8508 70.7123
2.99611 52.2497
67.3467 84.6601
28.3433 58.6317
1.64501 74.4391
47.822 56.7081
36.2197 48.588
38.4463 63.1867
90.6583 89.414
9.13083 91.0142
63.7863 56.182
20.4158 40.5452
20.0535 39.6912
72.2345 32.4497
13.3988 89.8254
78.7233 29.43
48.2719 90.6831
19.6226 85.6911
15.0325 50.0422
41.9488 22.4914
56.1015 84.0934
62.6177 12.6769
31.104 11.7073
38.6524 61.2493
3.40389 48.6215
96.3412 68.7434
31.0889 8.01743
53.829 25.4144
0.702422 72.5512
32.0576 20.3471
85.1812 61.1286
16.9752 59.2033
44.0569 60.1958
74.2309 31.4865
70.2029 48.5563
29.9524 29.1075
51.0518 59.5471
6.55027 45.0532
49.5607 82.256
22.1872 79.9767
69.2488 2.35169
81.4996 34.869
13.7853 39.6763
27.9535 55.6646
48.852 70.3053
85.5932 53.4081
55.0735 68.9773
55.2131 5.09114
46.2129 87.5207
52.1983 70.7473
41.1398 59.7556
78.2833 29.3249
93.5964 75.68
28.1527 70.7363
12.9872 31.347
18.208 46.1276
53.2683 23.7445
63.7189 8.86576
55.2492 98.9208
68.8818 53.6566
7.3227 42.8096
4.93572 25.2423
20.2071 54.8013
96.5559 93.3082
51.911 93.1307
41.3377 48.6265
54.3541 65.4358
22.4013 0.724086
39.8015 92.4224
0.955639 19.3739
21.2828 89.4055
10.2852 83.873
47.7019 54.5568
43.1705 92.3676
90.2798 31.2939
21.3943 45.1295
84.9413 71.4137
28.7647 78.9932
72.6698 3.23854
80.274 47.9024
37.2428 59.8581
83.0444 29.053
41.033 95.8685
35.2265 86.0828
20.9623 37.7008
65.4736 3.47299
26.0233 68.5773
29.1891 32.8933
24.2009 11.2804
26.3658 90.3032
95.1027 79.6694
36.5141 22.8392
19.4607 22.8272
69.5262 61.1405
19.9396 49.2281
66.3577 41.4286
10.3499 98.628
11.4152 77.4944
45.7764 77.9359
6.48463 88.9917
74.2095 52.8075
87.4631 81.8275
90.4299 15.5253
70.3129 0.556337
94.9256 87.1771
48.84 18.8337
87.3956 42.7392
49.5682 75.5751
88.9271 95.2092
61.9646 56.4175
86.2939 10.4738
48.0651 37.0117
62.2105 52.5784
4.71424 0.276666
4.6172 27.0749
58.9812 47.5787
23.96 71.1448
5.83357 17.2063
45.2264 26.2822
53.6644 71.5771
77.0947 22.1823
63.4143 82.8502
91.8939 73.7501
11.7066 66.0415
16.4843 78.3695
2.05289 54.865
27.1907 72.3108
31.2542 87.4717
49.2358 63.5477
82.3782 14.7549
16.806 58.6355
56.7279 73.4937
84.763 53.5784
39.4637 94.3986
53.1897 60.0094
41.968 40.3634
59.0552 16.6877
19.4013 87.2921
27.1732 29.6187
12.5004 6.23852
49.0061 44.0608
31.2643 10.7093
95.8897 50.1286
26.1746 32.2631
33.466 35.0954
3.24163 41.8809
54.231 51.7012
89.0349 30.7298
25.5902 81.2858
89.4676 8.96001
16.5802 15.655
8.2797 53.0612
84.7012 41.9546
58.8212 62.5541
91.2419 97.7993
57.8319 81.8772
65.4239 89.8065
10.8448 56.0816
96.5874 47.7763
74.5307 64.3191
71.7746 72.1541
46.2713 13.4594
53.1 22.6916
80.4503 78.2563
77.5729 46.2924
19.1804 20.3128
65.2547 41.324
75.9339 25.5056
50.2357 52.4721
27.426 0.926691
18.9427 59.0225
21.2197 66.5566
90.5596 45.0259
81.1943 79.3975
64.4947 38.9317
5.53617 43.0587
38.9704 32.2951
73.9276 34.0618
65.0646 18.4557
88.0074 66.5136
