36 782
254 30
482 760
274 988
554 468
292 344
978 277
92 125
767 202
806 295
226 473
798 315
351 549
433 226
224 715
540 414
69 352
452 101
289 610
136 678
260 991
698 174
811 9
678 460
721 407
138 601
889 472
627 151
594 366
692 575
3 151
704 211
731 378
168 422
217 708
629 426
371 707
804 171
399 218
354 427
93 67
162 420
52 466
720 166
796 55
206 584
390 477
577 184
261 852
826 367
164 235
407 748
60 482
402 742
401 295
758 683
76 537
171 937
619 929
247 237
670 452
33 618
354 683
940 653
379 174
97 943
807 482
30 255
945 987
591 672
861 668
972 386
328 234
67 591
363 273
227 25
395 835
387 404
243 538
820 133
865 326
759 580
684 167
831 467
259 995
494 862
66 287
847 485
158 676
412 91
910 422
862 382
28 262
617 789
419 406
25 978
980 556
97 382
941 985
89 600
0 0
