829 583
139 839
803 577
927 801
202 707
352 240
520 802
858 619
759 699
642 657
508 391
411 34
657 221
959 602
908 279
92 24
193 960
322 310
288 61
344 680
418 496
509 899
414 558
79 113
832 517
174 543
303 644
576 313
628 803
17 804
281 28
563 802
152 569
838 177
506 702
189 574
498 1
959 186
305 38
935 295
280 789
157 448
22 948
215 926
580 408
530 775
275 529
716 223
685 318
586 519
365 221
475 993
22 488
660 105
534 493
862 308
464 923
563 1000
228 574
757 376
673 46
104 753
237 367
884 221
277 627
165 700
321 668
955 348
889 812
443 702
636 282
254 159
176 315
852 337
185 164
113 865
146 321
562 566
692 369
348 43
40 387
155 308
356 135
461 577
969 965
901 287
481 752
629 753
977 447
979 248
840 273
847 576
805 962
735 530
342 909
731 503
94 270
892 890
892 358
838 371
0 0
