100
97689
18922
18713
90464
61071
76366
205
1380
5000
89799
52808
96823
66353
76850
10075
1521
19723
70669
10681
57003
81682
52439
28520
88730
18884
54661
17733
47673
98116
92937
91123
59992
92609
92719
97288
34714
70616
20529
60115
47063
58178
22403
54004
15707
43190
97912
77280
71778
32921
44932
82316
46785
5702
55170
78312
3551
27814
79250
53415
61613
74864
1668
94596
85483
8424
51877
74601
76197
60839
22518
74058
25038
39102
893
10353
99590
71963
95725
32467
27872
63531
84624
79680
81968
73112
55428
60985
22726
65412
24691
94566
93455
31280
86021
28957
42595
34760
18420
10867
42482
