100
99730
16865
16658
88407
64783
78413
96613
3435
74375
80231
60496
98880
5459
57106
42899
28666
48036
7096
60540
94777
80555
11263
53533
19441
91548
81435
63112
47385
26572
39317
23872
12987
19444
6926
47088
10213
36778
82398
57192
97879
55026
2118
56555
94357
4378
64683
59754
34476
50272
64576
75511
64526
83900
59177
83294
81534
53726
51117
21439
53118
51174
16067
3812
61330
16564
34796
58360
15350
23028
4449
212
20808
81911
15037
54034
44450
6591
47546
32775
1735
78165
18932
49184
30846
63400
21401
33360
42027
75932
74794
79453
24801
91827
61711
49794
43124
74376
42589
844
82695
