5 3
1 1
2 3
3 2
3 5
2 1
4 2
1 7
2 1
1 3
1 5
6 1
1 3
1 2
1 8
1 2
1 7
1 6
20 9
4 10
2 4
5 3
6 6
6 3
7 4
8 10
4 6
7 5
1 8
5 7
1 5
6 6
9 9
5 8
6 7
1 4
6 4
7 10
3 5
19 6
4 1
6 5
5 10
1 10
3 10
4 6
2 3
5 4
2 10
1 8
3 4
3 1
5 4
1 10
1 3
5 6
5 2
1 10
2 3
46 31
28 32
12 57
27 9
16 27
4 52
4 68
21 49
15 95
12 19
22 77
12 35
23 26
13 42
12 3
7 7
5 80
20 62
29 81
12 29
3 78
30 54
26 27
2 21
13 9
25 39
6 44
31 2
28 91
24 32
10 38
29 37
25 79
18 17
3 88
1 85
8 95
15 54
19 69
6 26
11 10
14 83
17 32
6 57
29 50
9 78
26 59
74 16
9 74
7 80
9 23
16 69
8 66
14 86
14 81
7 66
2 77
2 12
1 7
4 1
7 3
12 13
4 87
8 69
8 42
12 75
9 32
9 75
1 8
13 50
14 59
4 20
8 31
7 96
2 61
16 61
2 69
14 98
3 5
16 67
12 74
5 11
13 9
14 72
3 22
1 47
10 41
7 26
13 87
1 2
4 27
12 29
6 8
1 61
2 70
15 80
1 73
3 27
1 13
3 13
6 61
5 24
10 32
12 56
3 86
2 61
16 8
14 11
10 52
9 97
10 38
6 93
3 29
15 21
11 74
15 99
14 56
11 75
14 23
9 55
12 4
11 97
37 24
6 86
13 56
5 57
18 93
17 52
16 51
20 2
13 83
16 64
1 22
2 29
22 9
10 53
23 99
9 58
4 42
23 71
1 59
11 98
3 42
15 7
8 83
17 78
15 23
19 76
19 31
7 82
3 64
11 87
12 76
23 99
24 35
9 60
10 78
21 59
2 74
14 21
4 2
1 46
2 53
1 22
2 7
67 10
10 58
9 29
9 90
1 46
10 76
6 73
10 57
6 37
3 90
5 94
9 60
3 36
9 49
6 54
7 6
3 39
4 14
9 5
2 14
6 5
10 70
3 68
8 15
3 26
4 72
8 87
3 72
8 79
8 60
8 0
5 66
6 20
1 86
6 0
9 23
5 71
8 86
2 66
5 56
8 42
6 98
5 78
10 31
3 3
10 35
1 75
3 98
9 12
10 52
2 41
3 80
2 29
6 29
5 21
1 92
10 87
4 48
2 68
9 88
5 72
10 63
4 37
4 61
4 24
8 8
10 50
8 13
26 26
15 18
4 66
9 61
26 86
10 18
11 31
5 76
8 33
23 28
20 74
19 63
12 15
1 28
7 22
24 51
25 35
13 84
22 98
21 13
18 88
17 22
3 51
14 74
16 0
2 70
6 35
89 55
36 30
20 42
4 95
27 9
28 4
8 3
37 98
7 50
26 15
38 41
34 87
10 23
14 76
27 41
52 92
11 59
6 79
9 5
51 39
51 62
54 43
2 49
25 51
55 83
19 70
3 96
15 74
41 10
36 77
28 53
31 43
53 38
16 47
18 19
45 33
10 74
4 84
28 0
30 99
52 60
20 28
24 62
13 9
51 21
8 41
51 67
24 87
33 60
23 94
8 49
29 79
35 22
22 57
43 7
9 2
11 50
19 76
39 17
40 62
33 23
48 61
15 92
16 87
3 16
41 41
26 35
17 36
5 48
21 33
19 67
49 74
42 83
5 95
46 19
50 8
41 0
2 28
12 6
47 10
44 10
25 87
1 81
11 85
10 40
32 56
8 39
18 65
7 77
46 34
56 2
1 91
1 39
2 39
2 53
2 88
2 45
1 66
1 19
1 33
2 24
2 43
2 100
1 7
2 90
2 56
2 58
1 23
1 70
1 30
1 90
1 19
2 50
2 74
1 60
1 86
2 19
1 7
2 89
2 64
1 10
2 42
1 64
1 60
2 95
2 52
2 14
1 50
1 100
1 100
1 6
1 49
2 49
1 82
2 99
2 100
2 70
2 24
2 20
2 33
2 94
1 90
1 76
2 88
1 17
1 23
1 77
19 8
4 2
8 15
1 27
3 63
7 28
2 25
4 52
5 4
7 12
5 74
4 76
6 4
1 63
4 47
3 8
7 91
5 64
5 64
8 13
93 75
5 78
63 78
41 29
19 33
33 76
8 56
23 56
58 12
32 67
51 12
15 17
61 35
18 40
56 36
48 25
12 40
39 55
74 76
36 84
65 22
37 33
6 81
47 58
26 75
53 67
27 46
9 47
54 46
16 43
7 48
64 35
62 59
4 2
47 97
14 20
72 97
20 13
63 100
22 56
56 97
26 17
3 54
50 40
1 82
17 4
49 62
21 55
68 16
63 93
73 20
71 84
24 14
15 72
40 68
57 95
38 56
52 5
43 15
30 20
60 50
28 75
67 52
75 71
1 39
44 23
43 73
45 62
48 57
11 2
2 85
13 85
29 91
56 26
28 44
10 98
28 54
8 10
59 100
60 72
55 65
66 30
46 65
70 96
69 10
35 99
32 85
51 38
31 61
25 37
75 48
34 56
42 53
26 95
70 49
9 63
21 38
36 8
26 91
44 68
11 32
29 48
38 45
12 25
3 20
49 63
2 42
37 91
34 86
3 97
24 48
34 3
2 50
25 97
27 26
1 44
18 59
9 75
34 58
10 60
20 37
45 45
20 38
49 22
30 25
15 3
6 82
28 96
47 2
22 21
9 76
39 88
31 27
48 87
41 37
32 4
40 41
6 82
46 17
43 53
35 54
25 93
11 16
16 37
17 89
26 20
13 72
14 9
32 28
41 54
49 84
15 70
42 22
23 52
19 71
8 90
4 32
7 26
5 6
19 47
14 60
45 68
33 6
36 41
24 89
71 52
4 30
7 29
33 10
20 24
46 23
52 96
8 53
47 53
9 51
52 25
32 13
38 86
44 25
11 95
6 5
17 96
30 5
22 83
36 57
16 41
50 14
26 31
5 40
42 74
37 77
32 57
31 5
5 17
1 16
14 38
5 25
21 89
28 52
3 84
2 2
2 95
50 19
37 42
34 68
41 62
35 99
19 31
32 31
12 68
29 97
14 90
43 61
40 66
24 100
19 21
48 50
23 100
18 39
39 2
41 50
8 6
49 10
47 43
25 17
43 47
45 65
36 69
13 95
15 50
42 87
10 4
51 27
27 58
40 62
15 11
11 16
71 54
16 44
1 54
30 44
37 3
24 11
5 80
27 30
52 25
32 38
21 49
13 80
50 4
15 0
20 23
11 97
29 30
36 15
22 4
20 73
44 94
12 51
44 86
51 1
51 34
11 14
33 29
17 75
43 75
15 7
46 51
8 38
26 60
3 14
7 43
4 43
2 51
16 1
49 99
47 47
4 33
8 39
45 94
35 30
33 54
39 97
6 69
29 86
40 4
31 87
41 90
45 64
48 83
54 11
34 48
38 7
14 78
23 85
18 62
10 29
25 96
19 44
32 55
53 20
28 42
45 97
19 89
10 63
9 40
53 100
42 72
39 6
71 56
12 2
19 2
41 43
34 78
25 47
5 3
1 7
39 7
41 77
38 82
50 45
10 36
9 24
24 62
26 68
20 81
18 7
42 47
8 100
47 47
45 37
35 91
53 47
43 89
28 72
36 53
27 17
48 57
6 62
54 5
4 51
24 83
14 7
7 67
49 51
51 86
5 19
2 56
22 55
33 33
3 36
3 22
31 8
21 49
15 7
23 80
11 72
3 84
26 11
36 67
40 54
37 50
6 81
56 59
52 56
55 7
47 50
28 60
36 0
17 46
44 90
13 13
16 48
46 52
3 83
5 92
29 38
30 24
32 56
22 53
10 83
71 58
20 16
10 27
28 77
46 57
51 35
17 88
14 85
24 80
2 64
19 5
12 11
22 55
48 100
45 28
58 25
21 85
54 17
3 62
47 41
36 78
27 74
31 34
5 29
38 31
9 9
52 78
35 0
6 77
23 12
4 68
17 62
4 3
1 58
11 53
43 44
58 64
53 34
25 16
54 38
51 34
40 94
55 47
37 29
49 6
42 25
23 47
15 13
37 26
57 21
16 90
34 61
29 6
56 43
13 12
2 78
25 25
39 59
47 29
33 40
10 22
8 82
44 69
7 88
41 10
18 95
30 79
32 22
50 71
26 76
43 86
6 55
71 36
27 83
1 94
7 48
27 78
8 68
11 29
12 92
14 20
26 2
32 31
23 69
24 1
15 5
32 81
34 10
36 84
35 97
16 96
25 25
1 73
29 1
23 36
20 99
4 7
28 39
1 98
6 12
17 0
4 89
12 37
24 32
20 26
8 76
36 53
3 37
4 24
29 16
19 95
13 100
10 62
21 69
29 29
10 20
10 18
5 31
18 8
20 92
29 58
5 30
17 99
24 23
33 93
25 60
1 69
4 66
8 64
13 35
22 7
31 52
21 80
34 5
26 78
21 64
30 18
34 80
34 74
2 4
36 34
18 36
18 9
9 87
71 38
10 97
36 18
31 82
30 57
20 56
37 20
3 69
6 93
35 90
26 8
17 37
4 20
35 79
18 76
36 75
32 69
34 84
33 83
24 90
22 71
23 12
29 43
3 48
17 38
16 77
19 66
27 13
16 95
31 32
27 51
27 69
13 48
11 37
27 61
21 16
29 53
22 83
32 2
29 97
1 71
28 29
35 99
2 89
17 19
28 94
22 65
28 83
18 67
6 100
15 55
36 64
5 88
14 84
35 81
38 32
11 84
21 31
2 4
21 21
19 78
7 91
19 73
6 27
9 84
26 62
25 4
18 99
8 80
5 2
8 93
12 94
71 40
7 55
36 67
4 81
22 31
6 92
30 37
12 46
35 75
21 28
33 88
24 0
27 52
17 4
10 45
31 84
11 7
27 99
40 67
28 83
32 42
20 24
22 93
26 64
21 39
30 98
9 61
10 87
35 62
14 84
34 4
16 79
2 97
23 73
8 91
38 50
35 47
8 66
26 54
1 30
37 95
12 5
6 18
28 51
30 16
1 75
16 28
15 8
5 77
36 42
40 47
27 60
15 17
23 18
6 11
21 48
37 31
3 80
29 56
25 40
39 44
2 61
19 40
31 93
39 93
25 7
13 94
5 41
9 20
34 17
6 11
18 23
71 42
4 69
10 92
14 14
30 10
29 80
16 28
38 23
19 47
27 15
25 65
7 69
30 71
30 78
30 78
39 14
9 62
28 86
17 44
22 73
5 70
27 35
3 89
35 58
13 52
14 35
14 84
15 57
30 33
20 81
41 9
42 13
20 54
15 41
2 86
37 81
26 50
4 15
30 3
42 0
25 18
6 90
18 6
25 48
21 73
41 55
23 70
24 2
33 23
4 53
9 39
26 87
36 8
17 73
31 34
36 59
3 95
37 47
15 4
18 97
12 23
34 65
1 67
6 27
11 6
32 31
22 82
8 28
24 6
21 85
40 40
38 54
79 24
24 41
22 82
13 5
20 99
15 21
13 7
1 59
13 32
6 81
13 47
24 9
13 96
18 80
8 0
10 16
11 20
9 23
16 77
22 1
10 85
12 61
23 90
14 97
16 86
21 91
19 56
11 54
20 83
7 34
15 22
14 34
1 35
4 100
19 56
13 48
12 38
4 13
16 13
5 3
12 2
23 42
12 17
11 91
21 92
13 44
4 69
4 6
12 53
17 78
4 56
3 92
20 41
6 58
1 72
19 79
11 51
18 29
6 64
13 72
24 40
10 0
11 31
9 24
12 21
4 49
18 61
2 88
2 45
19 79
22 53
24 55
19 50
24 25
3 28
3 10
20 85
13 72
1 19
8 90
100 9
5 40
1 14
7 23
5 52
9 72
6 78
4 60
1 74
7 63
6 84
8 92
8 49
6 25
3 49
7 16
7 67
9 66
4 49
4 41
7 41
8 80
2 62
1 40
3 73
8 43
2 12
6 65
4 39
1 23
4 0
7 25
8 12
7 69
6 53
5 20
9 44
3 44
1 6
1 30
1 77
3 91
9 12
8 65
2 44
6 49
7 5
4 36
2 88
2 55
1 11
3 47
1 68
3 83
4 96
9 55
6 97
6 41
6 54
4 60
2 60
2 8
4 28
8 54
8 73
3 26
1 28
1 33
2 52
7 29
9 25
5 57
8 0
3 69
2 55
2 12
2 2
2 87
7 94
7 34
7 70
8 23
5 92
5 60
3 80
6 94
9 22
5 20
6 64
4 68
5 81
6 91
5 38
3 42
4 28
9 12
8 24
8 73
4 43
8 35
2 74
100 32
25 94
14 33
15 87
20 90
23 69
5 2
18 56
5 73
16 65
28 16
24 90
14 46
20 59
29 91
16 10
23 13
18 80
18 7
28 34
10 43
6 34
24 49
21 73
14 81
16 81
2 89
11 66
16 64
12 35
8 82
26 96
12 14
21 20
11 48
14 38
19 5
13 26
19 23
1 52
14 85
17 66
32 27
30 87
20 36
32 68
17 34
11 95
15 85
7 31
8 23
17 19
9 98
27 52
16 55
19 66
5 26
28 6
26 19
30 26
3 97
5 59
17 24
12 23
4 40
2 51
13 92
10 24
7 85
29 82
23 56
3 44
12 34
27 88
27 79
19 2
29 29
9 0
15 16
30 65
25 19
22 92
32 39
9 5
9 54
2 65
13 27
31 32
27 67
21 70
18 59
26 66
9 59
26 52
8 13
16 88
29 20
18 2
30 55
19 53
14 85
100 67
8 5
55 2
39 20
57 13
34 55
39 92
1 6
10 90
60 52
29 98
27 72
31 70
18 59
19 62
23 33
18 29
53 51
14 80
66 35
38 60
39 73
59 83
7 63
5 46
23 88
42 5
13 37
47 92
27 84
52 50
60 100
17 5
40 31
38 25
2 25
48 54
16 98
27 74
53 57
35 23
41 3
67 14
58 35
49 26
37 51
8 22
4 36
36 87
15 92
46 29
65 16
32 55
2 12
18 87
44 11
52 28
42 7
19 98
2 26
6 10
56 19
22 24
19 54
30 98
26 53
50 57
25 34
20 57
18 5
64 40
45 14
12 100
21 43
43 8
11 34
9 33
51 89
6 6
63 49
31 38
34 10
8 44
51 13
57 27
33 60
36 85
61 2
55 71
62 1
2 13
2 52
63 86
5 96
28 62
66 49
38 92
3 2
54 9
25 53
24 91
100 2
1 70
2 82
2 54
2 10
2 16
1 98
1 25
2 26
1 99
1 35
2 89
2 90
2 58
2 67
2 35
2 38
2 72
1 35
2 51
1 31
2 22
1 56
2 4
2 43
2 22
2 65
2 42
1 36
2 61
1 63
1 92
2 77
2 38
1 43
1 71
1 16
2 72
2 82
1 88
1 41
1 2
1 54
1 35
2 31
2 68
2 7
1 6
2 84
1 27
2 36
2 75
1 3
2 31
2 95
2 81
2 74
1 54
2 26
2 90
1 94
1 19
2 4
2 93
1 23
1 25
2 83
2 74
1 43
1 66
2 35
2 53
2 73
1 62
2 25
2 86
2 92
1 1
1 23
1 53
2 97
1 59
1 44
2 23
1 34
2 48
2 98
1 47
1 79
2 70
1 51
2 40
1 35
2 19
1 66
1 7
2 89
1 3
1 17
2 8
1 43
100 37
25 82
8 51
2 53
34 78
9 83
2 100
25 50
8 33
15 78
1 79
16 97
22 49
5 54
7 38
32 4
4 45
33 61
30 66
11 62
25 27
32 27
19 12
20 19
20 41
2 2
33 51
34 57
32 32
6 33
20 51
13 85
35 46
11 29
20 55
14 5
26 42
4 90
23 30
12 68
17 37
12 52
12 43
34 77
7 29
19 6
22 98
6 91
19 86
31 64
6 91
14 0
12 48
35 99
1 23
33 86
33 73
18 11
2 22
36 35
2 4
1 71
36 8
8 14
9 80
5 40
15 26
7 61
21 15
18 24
6 2
22 2
10 72
8 3
32 9
15 85
4 94
19 43
24 57
29 21
18 81
24 23
24 27
18 56
18 36
27 47
4 53
5 57
3 92
37 16
31 14
31 40
32 84
33 31
16 82
28 7
18 27
2 40
9 84
5 100
30 20
100 84
48 46
78 98
23 24
36 43
76 13
39 64
45 95
68 40
56 16
8 93
82 53
73 62
19 42
7 43
13 9
24 70
46 45
27 69
37 43
82 1
42 24
3 63
17 16
46 16
10 6
78 35
19 61
25 61
11 0
51 6
49 15
74 2
48 37
57 77
26 63
34 23
66 25
62 26
40 1
9 20
84 20
61 33
77 66
70 20
60 22
4 42
81 81
47 74
50 23
79 52
20 23
58 73
5 2
54 41
80 66
53 60
31 97
12 24
52 31
67 74
26 61
51 86
28 18
1 18
75 32
2 56
71 13
21 35
14 44
83 4
41 30
38 61
32 64
38 90
59 32
29 18
15 89
72 3
66 46
65 35
43 77
64 5
63 65
69 76
46 40
33 84
30 98
17 63
18 90
44 0
78 36
60 80
6 55
35 14
21 30
55 72
16 6
22 46
15 45
68 100
100 19
7 58
8 67
14 58
18 67
5 100
6 60
13 45
15 57
19 3
4 27
6 37
6 86
19 44
10 81
4 70
2 35
12 94
3 64
18 6
19 37
4 91
13 13
18 0
19 63
11 27
17 73
9 20
3 11
11 91
16 11
13 37
4 82
16 79
14 41
8 46
19 30
19 67
8 90
6 24
13 94
4 93
3 49
4 12
17 57
13 93
12 3
10 5
9 32
15 41
6 16
3 29
2 8
17 39
18 24
11 24
18 62
14 14
14 94
18 39
3 1
11 95
14 94
3 54
16 97
7 18
8 53
2 16
13 53
10 97
16 18
2 57
11 50
6 65
1 74
12 34
7 98
10 91
16 70
11 99
10 25
1 14
2 71
16 62
12 11
18 51
8 16
8 98
8 12
2 33
8 70
4 10
8 45
7 93
18 80
3 29
12 62
4 40
6 10
14 39
9 29
100 54
5 22
40 46
21 57
42 7
15 41
13 72
44 38
30 84
44 42
12 74
32 78
35 41
29 37
49 76
52 36
35 50
42 55
37 17
31 4
36 68
45 79
31 20
43 49
52 43
22 58
23 48
11 97
28 75
42 64
5 73
34 27
39 69
32 37
33 95
18 97
49 59
52 72
28 48
4 75
16 69
53 60
13 0
7 77
13 31
23 82
40 99
15 66
3 66
48 68
1 1
11 0
1 8
35 19
52 46
38 47
6 18
37 12
2 49
43 49
25 45
50 5
34 85
17 87
34 51
15 88
49 87
40 93
53 51
41 89
3 8
15 76
44 58
29 29
20 18
51 16
47 45
24 24
10 27
12 100
8 12
46 95
20 58
4 13
46 43
26 33
27 5
48 100
41 29
9 3
25 25
12 76
15 69
19 80
46 43
54 55
5 2
27 86
50 76
14 9
54 44
100 89
30 34
44 15
69 91
85 31
65 27
83 68
82 89
42 0
33 29
81 8
74 62
64 65
80 39
61 54
56 52
71 46
43 3
1 74
25 66
86 43
79 92
31 91
13 93
50 51
88 65
38 63
28 9
39 14
73 21
5 29
62 37
8 3
82 62
51 89
57 16
45 55
68 91
70 82
17 95
37 80
89 14
53 60
47 91
26 66
24 45
36 55
3 9
45 14
23 70
9 98
69 85
49 99
14 51
12 47
78 82
4 76
55 48
34 6
87 78
7 74
40 51
81 93
41 50
77 42
52 34
35 29
10 98
48 55
22 78
80 6
42 33
59 38
60 10
16 58
2 92
67 44
65 50
20 67
19 44
84 16
66 93
21 90
29 62
15 80
43 47
64 31
27 84
88 21
11 54
29 97
72 37
76 40
54 42
75 61
46 25
63 56
58 27
18 37
6 35
32 46
100 12
6 82
8 88
12 77
2 27
3 63
9 6
11 45
8 19
7 71
3 41
12 15
8 13
4 36
8 98
2 8
7 97
10 89
5 20
10 86
12 41
7 68
6 21
3 46
1 26
5 70
3 4
8 13
12 62
10 54
8 61
2 16
4 30
6 47
2 71
1 61
6 65
8 60
4 2
6 49
5 21
12 63
5 93
2 11
2 65
12 75
2 20
4 76
9 14
8 10
11 18
9 85
11 82
11 59
1 20
6 39
8 33
12 62
1 50
3 34
11 5
1 31
4 71
4 28
9 42
12 4
7 49
1 22
5 22
12 2
12 47
8 33
10 19
8 5
10 52
9 5
7 44
6 10
10 31
3 63
10 63
7 9
4 31
6 20
7 42
11 38
9 76
12 5
9 27
9 64
7 92
6 12
12 28
7 10
12 64
5 23
10 77
12 24
9 6
10 63
11 30
5 2
2 5
1 1
1 1
1 9
2 10
9 5
2 7
1 6
5 5
2 0
3 7
4 5
5 10
5 4
1 9
4 3
3 10
1 0
2 4
1 6
5 5
5 5
4 8
1 7
3 9
2 2
10 5
4 8
1 2
1 6
2 7
3 1
3 1
2 1
1 1
5 3
5 9
9 2
2 3
2 4
1 5
1 0
2 6
1 6
1 0
2 9
2 10
4 3
2 6
2 9
1 6
3 5
5 2
1 1
1 6
1 3
2 8
1 1
10 2
1 4
1 0
1 1
2 2
1 8
2 6
1 8
2 1
1 9
2 5
4 4
2 7
1 3
3 0
4 5
0 0
