5 3
1 1
2 3
3 2
3 5
2 1
4 2
1 7
2 1
1 3
1 5
6 1
1 3
1 2
1 8
1 2
1 7
1 6
20 9
4 10
2 4
5 3
6 6
6 3
7 4
8 10
4 6
7 5
1 8
5 7
1 5
6 6
9 9
5 8
6 7
1 4
6 4
7 10
3 5
19 6
4 1
6 5
5 10
1 10
3 10
4 6
2 3
5 4
2 10
1 8
3 4
3 1
5 4
1 10
1 3
5 6
5 2
1 10
2 3
39 14
14 26
8 56
1 13
13 95
8 90
11 24
5 5
8 64
2 80
10 9
9 35
13 82
8 12
5 52
10 22
12 2
5 22
4 82
3 65
6 39
6 39
7 12
7 16
9 49
8 60
6 38
3 1
7 67
7 90
1 30
14 42
9 24
11 18
12 45
4 20
13 71
10 5
12 56
7 68
43 3
3 61
2 56
2 21
3 94
2 9
3 74
3 38
3 57
1 39
1 61
1 95
3 83
3 71
3 96
2 52
2 77
1 47
1 33
1 59
3 55
3 14
2 56
2 19
3 74
1 12
1 16
3 83
2 8
1 74
3 83
1 14
1 51
1 88
3 98
2 6
2 100
3 82
1 86
3 95
1 82
1 13
3 19
1 70
74 23
3 42
22 86
2 71
17 17
13 98
21 61
3 36
10 63
22 8
8 70
10 68
22 70
11 48
21 28
20 73
19 69
4 49
20 74
11 75
10 37
3 1
7 91
4 13
13 64
1 42
3 24
1 43
13 84
6 99
13 8
8 14
4 42
6 96
12 71
5 38
13 27
15 60
23 32
1 38
21 26
16 69
10 61
14 51
16 15
11 64
8 61
17 63
19 10
11 82
14 27
8 43
8 22
14 6
14 51
1 52
3 13
7 72
16 50
12 92
9 71
18 94
13 46
20 100
14 43
2 70
16 70
2 43
23 8
20 67
5 37
9 54
11 32
12 5
3 67
52 50
15 50
22 13
10 77
27 28
46 33
29 3
24 43
31 61
1 87
35 78
23 100
44 65
4 14
15 92
49 83
43 67
8 85
40 51
37 81
13 73
3 14
47 4
7 62
26 88
45 1
20 29
14 86
21 27
11 58
9 99
50 53
5 13
42 6
33 45
38 15
48 48
32 96
41 85
6 71
34 8
36 68
18 87
12 54
5 39
17 21
39 7
19 40
28 67
30 59
2 47
25 13
16 75
88 51
49 79
10 23
19 72
40 26
30 80
17 63
22 1
9 20
27 93
50 6
28 36
28 24
5 86
33 99
31 84
25 22
18 39
32 50
42 67
38 27
22 5
17 89
19 16
11 62
48 22
39 14
34 35
15 63
44 79
2 77
32 16
16 46
11 43
24 45
30 96
40 84
12 0
8 30
21 97
29 8
10 10
13 7
3 68
49 62
14 68
43 88
3 23
13 28
37 58
8 51
42 59
41 77
46 31
3 6
21 28
47 23
5 99
21 11
6 61
38 12
51 21
11 13
39 80
7 34
20 100
24 39
47 90
45 22
41 67
49 32
5 89
2 25
19 95
41 31
39 100
2 22
23 18
33 72
45 48
36 14
18 61
7 64
21 74
26 64
22 88
1 83
35 3
4 74
4 3
2 53
3 99
3 84
1 30
58 17
10 58
12 65
7 36
6 16
13 64
13 67
10 29
15 38
4 48
9 79
16 24
15 54
15 69
4 76
3 24
14 48
12 68
5 54
9 2
9 94
8 83
17 100
12 7
15 22
11 37
4 82
10 92
2 31
17 3
1 0
7 48
8 15
10 94
9 40
3 70
8 78
14 97
8 40
11 71
3 87
17 47
8 80
1 84
2 37
1 88
17 7
5 3
9 2
8 56
7 11
12 15
4 87
4 31
2 86
13 42
3 32
14 1
10 26
29 29
8 28
9 10
16 1
2 23
20 11
15 7
7 70
12 28
26 27
18 87
11 11
28 23
1 75
3 36
24 61
23 84
4 75
22 22
19 100
14 12
21 76
10 75
13 33
29 82
17 68
27 69
25 63
5 0
6 29
33 4
4 92
3 22
1 51
1 14
1 15
2 9
1 99
2 32
3 10
3 47
4 25
1 25
3 39
3 16
1 42
3 22
1 29
3 29
1 33
3 53
1 10
4 89
2 24
4 4
4 8
2 77
2 11
1 93
3 56
2 39
3 78
3 11
1 39
50 21
17 7
8 8
9 55
5 83
11 90
13 18
18 19
5 68
20 43
7 23
13 100
4 50
5 61
17 44
18 13
18 55
8 74
3 27
8 82
16 45
13 84
11 55
8 64
12 50
2 33
7 4
13 27
18 21
9 72
14 17
1 100
6 77
8 12
13 65
15 90
8 89
3 41
5 37
19 99
21 83
6 33
19 96
6 3
19 48
4 34
11 85
17 33
9 31
7 71
10 39
50 38
30 2
21 75
37 77
31 39
22 48
35 45
7 38
5 22
11 71
6 32
26 8
9 33
24 48
3 24
15 83
7 3
29 98
21 76
2 36
27 38
18 93
9 92
18 72
14 92
12 23
34 78
25 88
27 43
29 84
32 87
8 78
10 84
19 40
17 34
28 88
36 67
1 65
26 90
27 4
33 79
23 53
16 27
8 47
13 61
38 83
28 24
13 59
22 14
20 10
4 8
62 47
6 76
40 9
31 94
5 68
19 42
24 94
22 97
18 20
5 13
19 90
36 62
8 63
1 74
26 38
44 47
9 94
12 90
45 78
45 68
33 22
30 93
38 81
3 60
42 36
47 14
23 56
6 94
15 34
14 66
27 99
41 58
29 98
46 61
10 1
34 35
32 91
46 50
2 17
33 45
13 42
25 2
8 11
22 84
2 99
14 70
43 38
21 13
20 6
41 27
39 3
16 20
7 91
23 17
37 1
27 48
17 39
28 92
35 18
4 25
11 73
10 27
41 15
64 36
35 38
35 34
25 25
23 89
32 99
5 59
19 79
13 60
13 29
24 79
31 34
19 99
24 34
8 1
10 47
29 74
30 0
27 21
6 29
32 88
28 70
4 31
33 99
24 42
27 64
22 94
34 17
22 82
14 65
6 18
34 28
2 65
17 47
16 90
25 0
21 55
26 5
3 71
10 92
11 78
20 47
11 24
34 14
29 69
5 56
29 56
12 55
16 0
30 11
9 65
22 26
10 7
7 72
1 91
9 74
8 70
3 24
18 75
1 51
15 10
21 8
36 78
13 46
1 14
74 59
24 43
3 98
6 56
35 84
17 96
11 35
31 77
37 28
22 16
2 89
33 22
58 70
16 90
50 64
32 52
56 21
59 91
53 42
4 5
15 96
51 26
25 43
31 79
46 83
14 94
10 26
57 20
35 11
18 31
47 78
34 56
29 78
30 51
21 20
19 54
32 51
19 8
26 87
49 0
13 30
45 51
43 22
14 67
52 30
38 2
22 14
36 81
54 92
41 51
16 13
12 43
35 51
8 69
41 20
27 82
55 58
55 40
47 100
5 65
40 14
44 98
8 81
48 39
1 7
7 39
28 90
39 29
52 83
23 2
1 45
9 15
20 19
42 67
20 76
81 27
22 69
19 12
13 79
19 79
24 27
5 63
20 39
3 9
18 71
25 43
17 86
13 71
16 23
25 93
1 88
27 97
12 15
1 55
17 13
15 82
10 36
19 41
26 39
19 84
20 3
7 40
4 69
5 25
24 40
8 20
26 42
21 26
8 27
2 100
18 88
26 14
21 34
11 7
21 34
16 83
23 94
12 71
1 11
4 94
21 81
12 26
22 31
11 90
2 14
18 72
7 15
13 8
6 90
22 83
23 82
8 74
27 79
9 41
1 34
5 66
7 84
21 2
27 34
10 0
14 3
2 83
18 66
7 10
6 67
9 7
2 56
5 21
12 89
24 57
18 9
5 93
8 79
4 100
20 66
4 30
4 15
55 15
13 22
12 82
9 93
7 24
6 76
10 49
7 37
12 10
2 98
15 7
13 78
13 76
7 30
4 46
10 77
7 84
3 1
4 68
12 19
15 74
2 63
10 31
14 42
2 72
4 46
13 40
13 12
7 9
14 6
4 58
11 62
12 28
13 46
10 31
13 99
9 64
3 77
1 100
2 97
3 67
15 95
7 58
11 68
13 13
8 74
14 78
10 62
11 71
4 18
2 92
13 84
6 75
7 97
2 53
5 18
83 49
10 40
30 62
7 47
31 68
2 20
41 20
17 89
2 33
7 0
1 70
45 78
4 14
16 67
37 76
35 96
32 39
28 40
15 86
35 92
39 26
32 58
5 20
5 76
34 34
25 2
12 50
38 9
43 12
35 89
15 30
29 0
21 65
38 97
13 33
28 13
6 11
44 57
14 86
25 74
42 93
8 24
17 79
45 29
24 7
18 20
46 63
47 69
40 31
20 66
5 92
27 7
49 75
22 97
49 26
7 18
22 75
22 6
33 89
44 40
36 20
23 67
27 65
9 38
33 31
45 96
23 94
40 97
16 44
19 19
3 89
30 62
12 7
26 28
48 43
15 70
43 5
48 28
35 58
6 18
22 68
11 48
9 26
11 41
57 42
18 0
27 1
28 77
12 0
21 80
25 46
38 48
37 61
28 78
41 9
17 95
35 63
5 28
40 90
39 93
20 47
18 93
42 3
8 6
26 66
30 32
5 49
34 99
31 98
25 2
19 85
6 29
11 26
14 97
3 69
4 38
3 68
2 95
32 91
12 74
1 39
13 42
36 44
38 56
22 99
28 85
19 54
13 32
9 81
24 24
23 60
15 26
29 54
5 36
10 92
2 49
16 86
33 4
9 93
26 55
7 65
23 41
69 22
19 66
18 75
5 81
11 83
13 13
4 47
4 87
8 74
20 60
2 90
4 99
10 12
3 86
16 25
13 40
20 3
12 87
2 78
9 62
21 14
8 97
10 31
19 87
17 5
21 41
16 29
2 0
11 86
3 33
6 39
21 40
14 64
13 26
18 53
14 31
7 84
13 34
9 94
13 35
11 93
21 68
5 17
7 81
3 11
1 60
4 77
5 14
20 95
1 43
17 82
17 6
5 44
21 96
12 95
17 0
16 13
1 14
6 17
15 72
14 58
8 88
18 15
21 51
15 20
8 51
16 38
12 20
4 78
22 5
88 38
24 70
18 81
27 1
31 47
36 70
29 54
27 0
30 76
28 92
38 13
24 83
6 89
16 87
11 72
7 24
3 38
23 54
3 14
34 93
4 44
11 15
14 99
10 51
13 41
15 0
24 4
37 59
11 61
16 76
12 78
14 59
20 38
23 92
17 62
6 18
4 43
31 28
34 24
17 67
22 73
11 19
11 4
24 63
23 82
5 90
5 53
16 97
21 12
21 3
1 58
35 25
26 72
23 3
22 1
33 58
37 74
22 83
3 0
38 66
8 94
25 40
10 67
8 93
1 83
19 71
31 85
27 47
21 60
18 53
2 67
2 51
10 5
15 55
32 86
6 12
31 65
36 71
30 99
2 45
16 47
28 33
29 26
35 5
20 50
18 82
13 20
9 7
37 61
100 61
12 84
57 13
25 6
30 3
58 89
30 85
46 25
29 80
38 2
42 96
15 3
8 88
34 37
51 55
36 6
61 31
20 70
18 60
23 43
27 1
23 79
60 80
43 52
38 79
44 97
22 64
7 90
1 12
26 31
53 25
13 40
34 12
32 7
48 67
23 51
14 15
3 94
59 44
46 23
33 11
49 26
8 27
28 41
55 24
36 54
10 95
21 88
34 1
60 48
41 27
49 7
2 94
2 82
24 6
58 98
19 23
31 26
39 0
56 59
16 74
42 76
4 88
6 78
40 17
24 7
39 49
22 48
22 67
50 9
48 21
5 95
57 82
2 57
17 84
2 2
42 48
9 29
40 48
50 22
57 18
47 69
52 99
37 34
30 91
11 9
12 8
7 82
45 81
37 76
54 62
35 15
34 36
6 23
26 32
39 54
9 90
49 68
5 13
19 72
23 29
100 61
43 100
24 0
39 44
35 58
27 8
6 20
7 67
8 38
43 87
31 54
5 40
15 87
11 47
29 91
34 54
31 71
10 19
21 96
25 55
32 83
34 7
57 42
58 50
1 49
2 94
28 93
14 68
61 50
4 85
48 16
36 53
46 67
16 71
23 62
57 95
53 9
56 33
41 25
1 55
4 4
33 85
17 48
25 7
49 12
48 12
12 90
57 44
25 19
19 23
35 29
16 100
14 52
38 49
10 86
10 20
5 63
44 33
26 76
20 26
25 20
51 42
10 6
18 94
40 88
17 63
45 44
26 22
46 86
39 5
22 0
29 11
3 93
47 83
37 55
2 74
24 4
13 17
12 12
42 97
50 65
41 56
37 17
37 78
52 65
33 8
3 48
20 8
30 59
9 34
44 92
55 95
6 16
59 85
30 90
58 93
6 76
9 2
60 27
54 3
18 98
100 40
26 34
32 70
9 5
37 76
12 13
11 14
23 72
35 37
16 3
21 20
4 75
40 7
37 24
33 4
6 84
14 2
30 22
38 98
2 80
23 92
32 47
1 38
12 3
23 50
29 77
11 5
21 77
8 99
30 66
20 88
35 3
17 92
27 39
9 5
33 56
15 49
29 7
4 94
21 74
40 63
21 51
14 3
3 65
38 94
35 50
10 21
4 39
21 0
24 88
2 92
28 19
20 58
38 24
34 15
19 1
23 66
21 85
14 45
8 63
2 39
36 11
3 35
12 18
9 23
22 9
38 38
7 32
38 50
38 34
5 6
19 100
27 70
35 5
13 81
22 90
31 61
16 66
39 96
25 53
39 50
25 84
22 3
23 10
27 36
32 70
12 98
5 40
26 56
12 100
11 89
28 27
18 93
32 83
37 45
19 17
31 97
29 82
35 25
26 22
13 32
100 17
4 51
9 17
9 70
1 60
10 84
4 64
14 21
8 12
3 31
9 46
7 34
9 73
8 90
17 57
5 76
14 75
10 38
4 82
6 23
15 6
16 95
13 49
10 93
7 94
8 18
7 64
17 25
1 37
9 89
13 9
7 60
12 75
12 54
3 11
16 15
10 4
11 22
10 10
10 51
4 100
7 100
12 69
17 60
11 11
6 91
17 7
6 4
3 51
12 87
9 19
2 16
17 95
3 30
1 12
16 63
2 71
9 77
1 7
13 84
12 55
6 41
4 5
2 79
5 15
10 7
11 75
15 59
11 34
3 43
4 85
6 14
9 80
9 26
10 52
12 21
15 4
6 14
10 26
12 88
11 38
13 33
13 95
10 30
1 24
13 37
3 64
1 32
10 2
17 47
4 44
6 62
1 35
16 45
8 86
6 68
14 30
8 55
2 84
12 37
7 36
100 33
12 0
27 50
8 36
31 73
1 63
19 33
12 87
18 87
6 79
17 39
11 93
20 30
1 13
11 71
12 98
7 27
14 3
11 61
30 4
8 58
10 86
2 21
32 73
21 10
20 69
3 59
10 88
18 37
16 11
23 36
17 94
13 59
26 53
29 23
8 94
25 10
22 77
21 53
6 79
11 19
31 87
24 26
17 33
27 63
27 73
32 51
22 74
21 0
9 5
24 3
28 54
17 4
20 82
28 28
24 62
25 15
15 73
8 8
22 79
32 25
20 65
5 75
13 86
30 51
8 34
28 70
15 87
33 93
21 20
4 54
14 100
25 99
10 29
20 57
28 9
18 13
22 14
15 92
22 7
28 92
15 84
13 21
16 70
10 56
2 96
14 54
11 56
22 69
31 98
13 50
15 43
29 58
9 54
1 23
15 77
23 64
29 67
27 42
1 91
32 98
100 4
3 58
3 15
3 79
1 74
4 92
3 70
3 57
2 49
2 41
3 24
3 92
4 27
2 18
1 99
4 84
3 83
1 11
1 19
3 77
3 82
1 22
1 67
1 50
2 96
3 83
4 54
1 3
2 27
4 93
4 53
3 38
1 86
2 85
2 19
4 39
3 57
2 51
1 3
1 67
1 95
3 47
3 12
1 86
4 43
1 77
1 49
2 38
1 10
1 100
4 5
3 73
4 44
3 100
1 86
4 24
3 51
3 17
2 8
4 5
2 39
2 98
3 74
4 27
1 14
4 48
2 85
4 6
2 24
4 53
2 96
3 25
3 51
2 31
2 60
1 73
2 100
2 89
2 88
2 68
2 16
3 88
2 92
2 10
2 55
3 15
1 52
1 36
3 74
2 75
3 98
2 39
2 70
3 19
1 47
4 10
1 0
1 31
3 64
3 95
3 4
100 80
55 26
46 46
50 55
45 82
74 36
56 7
8 35
70 17
58 91
78 39
11 94
38 5
69 77
32 26
44 56
54 43
5 65
9 5
18 25
69 42
61 9
41 17
50 96
26 71
29 91
49 62
20 46
7 79
24 15
79 29
22 51
71 88
34 17
44 12
31 84
64 77
14 15
49 13
17 42
13 92
13 70
16 44
33 77
27 13
67 31
45 33
66 42
2 8
3 100
1 71
36 1
6 54
59 13
53 81
30 65
36 58
63 92
21 97
43 27
68 70
54 9
37 41
65 58
80 5
55 38
77 48
38 40
15 28
18 24
75 65
40 69
45 57
52 49
19 66
72 71
10 96
24 10
4 66
47 90
62 43
28 39
10 55
28 19
60 89
25 51
28 31
48 76
57 84
72 79
34 51
73 58
39 75
35 83
12 46
61 17
76 92
7 28
51 23
23 46
42 18
100 17
15 99
8 1
11 30
5 59
17 82
16 46
7 59
1 90
3 3
15 96
9 58
13 80
12 67
13 88
17 85
6 91
8 2
13 38
4 76
12 53
12 85
3 34
5 30
1 36
13 6
9 34
10 80
8 66
9 87
2 18
16 52
2 93
11 66
9 85
8 23
14 58
9 89
10 49
8 74
13 74
2 49
17 98
2 80
5 95
16 25
14 63
2 88
7 99
4 57
14 54
6 87
15 76
9 90
3 88
10 17
1 8
15 11
4 18
9 24
6 0
7 45
12 72
16 19
12 24
15 14
4 65
5 72
17 27
15 30
14 66
9 24
6 89
4 22
10 87
10 66
2 97
14 58
12 65
15 94
7 57
11 48
9 45
10 91
1 1
4 72
4 61
6 54
3 48
17 61
11 52
1 72
17 20
4 91
15 81
13 35
9 76
2 60
11 94
13 26
16 40
100 50
34 33
23 26
32 39
37 79
22 50
35 7
3 25
36 94
48 70
10 20
48 32
47 36
32 67
30 0
36 10
23 25
24 11
45 9
43 30
27 58
28 76
36 28
31 72
43 48
24 56
27 79
47 30
8 42
16 80
31 64
34 49
26 61
27 3
49 16
12 8
26 12
9 98
50 11
29 48
14 11
44 94
4 76
10 93
4 73
2 96
5 63
21 4
43 19
48 34
16 21
29 46
3 14
11 57
50 93
13 35
15 71
7 96
31 8
8 62
4 0
17 37
39 82
49 56
17 23
42 49
19 43
14 71
10 82
41 22
10 85
46 31
29 62
35 43
12 11
18 7
39 41
20 42
3 17
49 49
1 7
5 99
45 33
47 20
16 74
26 3
11 87
12 51
31 45
30 72
12 85
14 4
3 17
5 19
45 21
6 45
25 13
33 24
40 56
38 57
27 7
100 36
6 32
6 37
31 69
30 14
35 88
15 78
18 76
21 22
2 31
17 32
21 53
26 55
10 62
29 97
25 39
18 29
27 73
8 93
32 18
11 74
12 52
6 64
10 98
25 30
2 52
1 100
12 98
33 96
25 86
22 68
13 14
15 63
11 74
14 85
24 68
8 6
27 35
21 20
3 89
35 33
22 18
19 44
15 90
32 25
12 88
8 50
9 15
10 3
32 21
36 85
3 88
4 31
24 32
7 97
18 57
35 39
21 17
16 63
32 88
2 52
3 26
8 76
34 29
20 36
17 29
16 55
10 0
9 28
31 6
25 80
25 63
2 89
28 70
26 51
27 77
13 57
34 4
20 3
21 50
15 47
24 10
10 68
19 19
23 23
31 4
32 8
28 74
17 80
30 82
7 51
4 64
14 89
1 7
29 84
3 66
5 58
36 77
4 79
5 98
1 14
4 4
4 10
1 5
3 6
2 7
2 2
1 9
2 9
1 1
1 4
1 1
1 0
3 1
1 0
1 9
1 5
8 4
3 8
1 6
4 9
2 6
1 5
4 4
1 4
3 4
4 3
3 6
3 0
2 9
1 7
10 2
2 9
1 9
1 10
2 4
1 2
2 6
2 4
2 8
2 2
1 1
7 4
3 0
1 2
4 5
2 0
3 1
1 3
2 10
1 1
1 4
0 0
