5 3
1 1
2 3
3 2
3 5
2 1
4 2
1 7
2 1
1 3
1 5
6 1
1 3
1 2
1 8
1 2
1 7
1 6
20 9
4 10
2 4
5 3
6 6
6 3
7 4
8 10
4 6
7 5
1 8
5 7
1 5
6 6
9 9
5 8
6 7
1 4
6 4
7 10
3 5
19 6
4 1
6 5
5 10
1 10
3 10
4 6
2 3
5 4
2 10
1 8
3 4
3 1
5 4
1 10
1 3
5 6
5 2
1 10
2 3
13 1
1 59
1 87
1 89
1 52
1 10
1 30
1 74
1 57
1 35
1 42
1 52
1 11
1 75
45 34
2 25
33 18
28 72
12 62
17 36
31 86
18 58
10 89
3 6
24 74
15 89
25 36
7 78
20 1
32 77
8 7
15 47
9 87
1 24
9 94
4 93
11 55
31 74
34 53
29 32
13 86
11 27
22 38
23 15
21 10
6 18
5 62
31 67
16 89
19 25
17 60
26 33
27 16
32 83
23 91
16 87
30 29
30 93
19 70
14 93
11 7
1 4
6 10
5 3
2 44
7 27
5 12
5 98
3 23
4 67
5 5
7 85
94 7
4 89
2 41
7 25
1 70
6 57
6 21
1 86
2 38
4 56
1 49
7 21
5 28
5 67
5 59
4 37
2 18
5 68
5 55
4 1
7 99
6 31
4 20
3 84
2 19
5 41
6 16
2 19
1 7
6 28
2 24
2 73
3 91
5 82
7 75
7 81
2 37
5 78
6 44
5 67
3 57
5 89
4 18
5 44
4 33
7 51
7 3
6 77
5 22
7 50
3 67
3 24
4 55
6 90
5 60
3 38
6 12
3 88
7 31
6 83
6 23
6 87
7 84
3 14
5 70
4 3
1 88
7 84
1 98
2 88
3 39
4 25
2 15
7 21
7 98
3 95
2 21
6 88
6 51
6 35
7 40
1 62
6 0
7 0
5 5
3 61
2 46
7 22
2 1
6 74
3 38
6 96
1 84
5 85
5 11
24 12
10 16
11 42
5 73
1 81
2 65
7 34
12 28
3 38
1 14
5 10
4 58
2 77
11 3
8 82
4 43
6 75
7 69
7 86
2 27
9 13
2 29
1 64
10 84
9 7
19 19
11 7
19 10
2 98
18 80
8 47
15 62
16 41
12 53
14 60
9 89
3 68
4 72
7 42
1 81
17 54
13 80
6 0
10 100
5 69
92 59
48 67
56 5
32 70
20 15
44 1
42 33
27 34
13 24
6 2
37 24
46 88
51 73
35 7
1 16
42 20
54 14
38 67
47 90
24 83
33 29
50 30
39 11
12 33
26 18
28 9
8 17
33 6
35 36
28 13
30 69
48 49
46 35
59 50
8 20
42 98
56 68
5 44
41 80
11 4
51 2
57 33
50 74
4 57
24 84
15 65
49 70
30 53
3 94
9 92
48 87
35 51
22 63
45 66
25 51
52 65
55 10
1 11
55 36
35 32
43 24
52 44
17 41
9 33
20 52
56 45
25 1
29 6
18 79
17 23
1 5
53 0
19 13
2 62
34 56
54 39
21 16
16 22
33 60
36 80
14 22
31 65
58 99
31 66
12 22
23 19
10 73
40 24
7 31
52 38
47 76
23 72
13 64
54 10
4 94
8 33
8 81
6 86
7 53
3 55
9 93
4 58
5 10
2 15
2 1
1 17
7 36
3 7
9 61
4 42
9 74
7 6
3 85
9 35
5 81
10 44
8 66
3 26
6 51
10 35
10 24
9 30
3 2
3 31
9 3
6 77
4 60
5 46
4 84
2 37
1 92
7 45
1 69
6 79
7 28
10 11
10 6
5 48
8 45
3 49
9 23
8 53
9 18
4 72
8 1
2 87
5 55
8 56
38 10
6 35
8 89
9 70
9 66
4 35
8 32
4 49
4 9
5 80
2 86
10 34
1 79
4 23
1 22
9 23
8 92
5 70
4 42
10 20
3 12
10 86
5 71
6 91
8 48
7 14
6 96
3 78
7 73
9 12
6 35
6 60
7 20
8 73
7 76
8 0
10 44
3 42
1 69
1 1
1 2
73 39
12 57
6 71
12 10
34 15
9 58
6 56
39 2
7 41
27 77
32 44
33 17
22 64
30 91
38 2
34 31
38 66
11 71
34 37
22 66
14 87
22 17
2 15
30 88
9 38
24 18
19 2
27 49
5 80
10 92
28 86
18 6
24 100
3 77
25 72
13 21
16 80
20 89
7 66
21 27
4 10
10 25
33 19
9 40
26 11
9 49
23 78
14 64
4 62
7 88
20 21
21 5
31 80
29 68
35 82
30 40
36 40
28 72
2 44
15 18
32 18
5 52
28 33
15 92
17 7
18 14
3 25
29 63
8 55
18 28
37 73
22 87
1 64
12 91
94 17
16 24
5 90
12 33
14 5
9 100
10 87
3 36
1 42
7 39
7 55
8 17
3 33
12 0
12 62
14 56
7 45
16 63
1 76
10 80
3 26
10 80
10 61
1 63
16 94
5 82
1 21
12 36
11 10
11 54
16 58
6 60
2 3
16 19
9 53
17 75
4 28
7 44
1 95
7 60
17 98
3 77
14 8
16 51
16 24
7 10
13 46
5 60
12 85
17 85
7 22
8 60
10 51
12 7
7 59
5 5
8 56
1 47
10 36
3 88
2 18
14 7
16 13
1 19
14 99
11 38
7 15
6 95
3 7
5 15
9 56
15 97
2 70
3 56
15 31
12 14
4 76
13 95
14 37
12 53
13 5
4 23
10 42
6 10
3 88
10 27
11 37
11 84
3 66
1 87
6 2
14 57
11 20
7 8
13 0
61 51
30 82
4 73
16 46
13 43
37 79
31 39
45 36
33 92
17 69
25 23
35 73
8 71
48 17
10 25
14 42
18 30
40 51
7 99
36 40
46 32
50 36
6 83
44 98
1 42
35 25
51 32
39 10
28 49
24 61
22 2
15 84
47 42
34 11
12 91
11 86
41 44
3 47
19 13
18 16
42 98
25 38
21 72
20 46
38 3
20 4
40 100
26 70
23 85
27 54
29 74
32 46
49 84
43 92
9 28
21 81
5 21
8 61
50 59
16 52
3 78
2 32
62 34
29 78
34 70
34 12
31 0
32 5
6 21
23 36
28 93
16 16
22 90
1 34
15 85
6 4
9 72
19 77
26 94
29 88
14 19
11 49
3 48
17 95
7 84
18 32
9 42
32 94
10 36
20 81
33 84
1 65
26 31
8 39
30 47
5 35
1 75
20 43
1 44
7 91
24 98
15 83
2 60
21 74
5 94
11 66
12 24
27 59
7 58
23 14
13 20
10 70
21 56
14 19
33 18
14 24
17 7
4 16
11 81
25 33
7 27
22 24
16 98
2 27
7 4
75 54
20 15
39 27
52 48
3 17
9 94
7 75
4 55
31 38
48 68
10 91
21 54
21 46
38 95
45 35
2 80
38 14
47 8
38 32
19 4
7 8
49 6
43 54
34 45
30 86
33 66
46 45
24 98
44 92
7 83
52 72
35 1
13 1
32 3
46 46
8 84
50 98
37 86
18 1
53 12
51 64
41 86
6 5
15 36
22 51
14 2
23 84
8 0
16 58
40 89
26 85
52 37
47 51
22 41
28 38
29 84
25 70
29 10
25 19
22 2
1 10
43 47
54 23
12 69
25 91
39 88
27 95
17 4
8 85
35 16
5 10
36 23
11 76
18 11
4 60
42 82
74 38
13 76
5 55
32 87
35 47
20 78
5 32
26 46
27 11
12 5
37 31
14 42
35 80
31 7
38 1
28 1
7 8
19 39
2 3
17 24
23 86
17 77
36 68
34 71
38 61
37 36
20 41
8 2
9 11
2 6
28 0
3 88
9 31
24 90
19 47
4 8
16 42
23 62
5 74
15 47
16 44
37 43
17 44
28 40
27 94
4 68
11 79
10 97
29 56
1 10
5 15
25 42
4 18
26 54
12 46
14 3
20 7
30 37
30 92
36 48
35 23
3 87
3 96
8 29
21 56
18 41
1 70
25 57
8 0
33 67
22 57
1 90
18 68
6 29
21 56
97 50
39 36
20 92
25 93
46 19
33 14
24 78
15 95
44 49
3 78
16 63
29 9
16 92
28 52
17 55
14 95
6 50
49 50
23 83
36 87
20 76
31 6
34 70
6 32
44 20
48 54
3 37
20 53
1 56
48 38
45 33
31 51
47 13
12 38
46 60
38 65
48 68
22 90
35 73
33 89
31 46
47 39
23 59
12 66
41 79
32 46
13 99
48 9
50 56
40 20
23 1
5 87
19 71
33 33
27 0
32 76
9 97
42 34
44 43
21 18
38 16
36 4
49 64
17 2
11 42
48 51
6 39
19 91
24 69
10 17
42 100
43 87
29 37
7 27
2 28
15 28
45 8
14 10
8 82
45 63
4 2
35 89
8 79
17 44
35 59
44 86
26 31
31 31
28 50
37 99
10 68
30 7
35 92
40 0
18 2
3 62
5 70
12 87
54 46
1 89
37 43
40 60
37 79
42 48
30 28
14 28
36 32
22 91
15 89
2 84
34 15
7 56
4 34
23 46
40 50
13 20
17 50
31 44
11 3
10 94
39 71
41 40
45 17
5 95
19 30
12 72
35 3
44 32
32 1
9 53
46 82
6 35
18 42
35 53
38 92
19 86
21 65
16 56
20 69
27 51
3 41
29 24
31 15
45 24
33 9
8 32
26 59
25 55
23 48
43 65
28 78
35 44
24 23
97 26
17 46
7 48
12 67
14 46
10 40
1 38
24 55
16 90
14 10
16 85
16 93
16 30
22 50
25 9
6 49
2 86
13 30
14 47
20 44
5 100
21 60
4 71
14 50
2 14
6 67
23 57
22 9
1 53
12 87
17 8
10 7
14 77
4 6
2 88
7 88
23 9
26 31
5 43
25 73
18 30
5 70
1 57
24 3
3 59
16 57
9 34
12 54
22 17
3 46
13 59
11 7
19 78
24 87
21 46
16 67
4 78
9 92
17 32
24 38
13 42
20 10
14 43
13 26
11 74
14 41
17 12
6 41
7 82
24 36
23 21
23 96
23 60
21 43
6 55
16 73
6 97
26 70
24 27
24 75
19 60
26 50
3 49
13 63
19 79
10 86
15 24
6 78
11 18
23 25
18 76
17 22
24 82
6 14
18 82
16 79
8 86
7 100
53 21
18 49
13 0
7 31
7 74
21 69
5 56
16 97
8 30
9 41
10 52
20 20
11 88
9 5
1 53
12 23
9 18
5 24
14 96
3 73
4 1
3 51
18 80
10 50
6 85
13 35
20 99
20 54
21 0
15 91
17 90
17 82
13 63
20 56
17 84
7 83
9 21
2 40
21 54
18 13
1 13
3 44
7 71
16 60
14 27
17 48
10 65
8 65
21 57
2 86
9 33
9 12
19 0
18 29
100 22
11 44
2 91
11 13
17 48
20 95
7 29
19 31
2 18
12 24
19 25
9 87
6 66
9 59
16 67
4 30
5 9
16 61
8 63
16 45
5 99
1 73
15 19
7 40
19 38
16 17
18 4
17 56
3 20
4 6
20 58
5 97
9 6
14 39
19 79
7 32
14 31
22 1
17 32
5 19
10 51
1 86
8 52
3 3
17 7
21 52
2 53
13 67
5 17
10 69
22 50
6 16
13 58
17 73
6 65
14 62
7 75
8 7
8 98
22 11
15 54
5 79
18 26
1 93
21 15
22 81
16 29
14 65
8 76
19 68
21 32
13 17
12 14
16 57
6 44
11 32
8 43
2 85
6 62
5 74
5 77
10 39
18 38
22 59
14 31
5 37
5 79
7 72
9 62
7 99
4 41
3 16
12 76
15 23
22 78
5 44
15 1
2 41
17 63
11 47
3 58
100 39
36 30
30 25
28 90
2 74
31 0
11 6
38 74
36 67
13 86
29 36
6 12
27 80
7 58
7 77
1 59
21 75
2 4
18 9
15 66
6 50
7 78
38 66
9 46
30 70
8 22
37 51
39 33
10 87
1 76
19 30
22 42
33 17
20 16
20 72
17 15
11 84
18 71
32 49
29 93
32 25
11 96
23 75
37 92
24 41
37 61
25 24
8 96
14 56
14 76
3 25
1 81
30 19
15 19
22 58
8 82
24 59
22 64
12 69
26 77
15 22
23 88
9 46
34 81
17 4
21 99
2 45
14 88
30 30
36 90
17 56
4 59
2 6
21 13
13 88
11 15
25 86
1 24
26 5
3 86
18 60
27 93
18 92
39 66
23 83
2 37
37 64
35 15
16 90
36 98
6 11
37 83
5 32
25 82
10 95
16 69
3 76
18 80
35 14
3 68
21 53
100 60
51 73
32 19
24 1
46 36
9 78
54 91
56 93
19 50
44 5
16 5
7 74
1 76
29 34
42 58
39 100
48 86
16 54
33 87
10 59
11 29
41 76
46 56
52 2
54 11
31 41
12 37
13 30
19 54
53 29
14 32
29 24
31 52
50 33
51 71
44 97
5 54
46 85
17 88
12 38
36 88
40 38
45 70
3 38
21 26
23 97
9 7
12 67
19 65
39 12
18 16
11 74
39 54
53 31
25 72
52 87
2 51
33 76
49 47
55 20
38 83
58 7
28 71
52 5
58 39
50 12
60 8
47 15
18 11
51 46
43 66
29 64
29 69
40 23
22 35
37 65
34 7
27 57
37 36
6 38
59 87
30 21
41 42
58 39
35 69
55 0
8 30
18 33
4 63
35 77
60 86
59 83
20 64
15 85
57 46
5 6
48 63
33 80
12 46
48 93
26 21
100 37
17 5
1 26
24 28
14 33
5 56
23 79
14 66
33 92
6 23
35 58
29 57
13 34
26 33
22 81
26 88
4 30
4 24
3 34
6 31
24 98
19 2
23 70
31 76
13 76
20 45
37 72
12 72
18 35
2 75
25 86
29 38
4 60
8 65
16 61
23 21
9 51
29 91
18 64
3 71
36 35
36 66
16 65
9 10
1 53
5 49
18 34
31 39
27 55
13 38
32 52
24 1
32 56
13 73
14 83
8 12
11 89
36 8
9 75
23 3
33 50
9 1
26 51
16 19
23 66
11 10
7 71
23 88
5 28
19 85
34 98
15 88
31 21
10 73
17 99
11 88
33 64
28 33
19 86
32 39
33 89
8 74
21 27
3 39
28 79
7 5
33 5
16 59
12 9
11 14
31 84
32 22
26 20
2 84
30 92
26 38
34 80
30 98
32 78
14 91
21 64
100 13
3 83
11 31
10 63
4 78
7 64
6 25
4 81
9 33
5 60
9 79
7 100
1 82
11 38
7 54
9 73
6 84
12 74
3 80
4 22
7 75
12 79
8 25
1 2
6 83
9 88
10 3
13 51
1 29
7 43
13 72
7 83
13 59
7 2
3 40
10 51
3 4
3 60
9 16
7 42
5 6
8 84
11 9
5 85
6 45
2 69
3 69
9 13
5 9
12 7
3 80
11 88
10 93
12 43
10 16
10 41
10 85
3 48
9 61
4 62
8 38
12 99
5 95
5 69
3 68
7 97
13 30
3 79
1 29
10 98
8 55
11 25
10 23
11 88
9 31
3 65
10 90
5 24
11 48
9 10
6 9
3 14
8 7
1 5
8 53
4 97
8 94
10 23
13 57
2 91
9 18
11 34
11 15
2 36
6 45
13 24
6 30
8 23
3 81
2 22
12 11
100 43
6 17
39 77
29 99
11 30
16 93
21 68
33 64
32 59
8 80
2 90
17 7
40 30
25 63
36 66
5 46
43 38
17 86
11 44
30 98
39 76
27 63
11 51
12 8
33 38
11 26
27 49
34 81
41 31
16 3
40 96
19 68
18 6
7 47
38 91
5 12
34 68
37 46
16 80
6 73
36 32
3 74
29 95
32 48
13 36
26 67
36 67
26 70
7 61
24 86
4 18
28 78
32 86
34 62
8 96
40 13
18 52
4 96
25 46
20 92
28 95
18 53
29 59
26 57
34 51
9 95
36 8
8 8
7 19
9 56
23 72
1 100
42 18
20 81
13 39
41 65
21 47
25 96
37 20
39 74
27 15
7 71
14 2
37 21
15 100
35 6
36 5
38 84
36 7
42 59
2 19
10 83
26 85
2 82
31 65
22 16
38 28
17 4
9 7
20 7
34 80
100 43
20 8
5 55
30 69
14 87
4 43
27 48
35 92
33 65
39 43
30 12
32 7
35 10
33 65
17 26
41 17
22 60
14 13
18 98
10 48
32 28
19 27
7 49
32 84
28 9
15 22
2 84
33 30
40 17
39 20
10 18
37 68
15 33
31 71
34 69
24 92
43 86
17 59
24 53
29 87
3 32
9 30
8 88
24 3
6 66
41 33
43 75
5 44
38 29
42 79
39 20
35 50
4 74
18 26
18 15
13 64
38 16
6 51
7 65
14 56
42 61
16 42
35 21
26 61
25 61
36 27
20 66
17 65
23 87
2 79
21 9
4 48
23 80
5 7
1 40
41 81
28 23
12 42
20 94
23 47
39 25
36 71
29 26
13 81
25 43
8 46
20 28
22 98
1 38
27 30
26 14
2 27
27 51
13 11
28 90
11 45
29 0
39 100
17 85
4 82
40 91
100 63
43 21
58 3
54 11
56 80
52 89
59 64
18 10
55 33
10 92
61 5
6 80
34 55
60 70
61 89
48 7
3 86
16 62
33 16
23 15
37 76
63 51
1 34
4 30
57 39
61 83
27 74
1 33
29 86
39 82
21 87
20 14
24 70
46 64
5 59
9 83
54 15
14 26
3 70
29 2
3 92
23 53
50 96
18 62
55 79
19 45
52 83
45 53
28 92
9 20
27 6
44 53
11 40
38 30
43 23
56 3
40 85
2 5
10 40
1 37
15 37
30 10
22 99
8 23
41 59
25 43
53 68
13 19
47 23
33 39
45 54
26 36
1 35
12 5
16 43
8 94
35 64
19 47
13 75
63 6
49 67
60 30
31 17
21 38
32 91
14 92
7 74
36 0
18 74
27 84
52 62
48 39
55 53
62 55
17 75
14 70
15 1
42 26
51 4
53 16
59 98
100 33
6 33
17 24
10 45
11 74
26 39
15 32
13 67
11 17
16 76
2 46
32 97
24 71
4 64
18 23
7 55
31 84
18 54
27 31
31 32
32 84
28 69
28 11
25 32
4 45
24 37
4 71
30 0
21 16
5 85
16 32
3 11
16 56
9 3
1 59
12 36
22 15
27 51
18 67
29 18
33 19
17 71
11 4
28 3
20 32
7 81
12 56
7 14
14 38
32 96
32 30
16 43
26 28
6 33
31 50
2 3
24 54
8 16
26 29
24 54
26 23
5 87
11 80
27 98
25 62
1 17
2 21
29 2
25 28
7 24
15 48
15 6
12 70
8 7
16 66
28 57
18 29
24 80
5 10
14 93
22 65
9 68
6 90
28 27
27 71
18 79
11 97
14 89
19 18
6 55
6 69
23 39
15 47
20 4
15 71
25 30
11 13
17 90
8 39
4 42
28 78
100 19
8 3
6 91
3 73
5 4
1 5
9 17
14 86
5 66
15 51
8 0
19 13
9 73
13 97
18 46
14 85
17 95
15 23
16 52
2 70
17 67
9 11
1 11
6 33
10 43
6 3
4 67
7 19
2 43
17 90
13 75
9 74
10 23
15 53
17 47
1 11
5 87
4 61
2 50
13 56
18 3
13 40
7 43
13 79
19 69
12 95
6 93
8 47
6 2
10 56
15 71
18 99
9 61
16 74
7 18
17 6
12 26
5 19
13 16
10 95
10 74
19 7
11 72
1 5
9 6
12 64
18 90
6 38
17 28
4 60
8 15
19 84
15 12
13 13
1 29
1 43
11 0
19 79
4 77
5 44
19 59
1 30
1 11
18 60
11 17
17 4
19 8
7 91
2 31
13 16
3 11
8 91
3 26
6 76
9 0
11 68
10 97
17 44
11 91
7 9
8 28
6 1
1 9
1 9
1 2
1 4
1 3
1 8
3 1
1 9
1 6
1 2
9 2
1 0
2 7
2 7
2 7
1 0
2 5
1 0
2 8
1 7
9 5
5 2
5 8
5 9
3 3
1 3
3 4
4 10
2 4
1 1
3 2
2 0
1 4
2 0
7 4
3 7
4 2
2 2
3 8
3 3
1 1
2 0
4 3
2 3
1 1
1 10
3 2
4 2
1 3
2 4
1 1
2 5
6 5
1 4
2 9
3 5
4 4
5 9
1 7
2 1
1 8
1 8
0 0
