5 3
1 1
2 3
3 2
3 5
2 1
4 2
1 7
2 1
1 3
1 5
6 1
1 3
1 2
1 8
1 2
1 7
1 6
20 9
4 10
2 4
5 3
6 6
6 3
7 4
8 10
4 6
7 5
1 8
5 7
1 5
6 6
9 9
5 8
6 7
1 4
6 4
7 10
3 5
19 6
4 1
6 5
5 10
1 10
3 10
4 6
2 3
5 4
2 10
1 8
3 4
3 1
5 4
1 10
1 3
5 6
5 2
1 10
2 3
32 16
1 45
12 68
7 55
10 89
6 85
9 12
12 95
5 53
13 20
3 25
3 74
12 22
2 80
10 58
16 100
2 66
8 92
7 50
6 93
14 74
4 68
16 78
14 60
7 27
10 16
10 57
4 0
10 79
11 9
6 73
2 78
15 59
52 4
1 20
2 54
1 9
1 99
2 97
1 39
2 59
3 64
4 50
2 57
4 84
2 1
3 69
3 76
2 87
4 97
3 32
1 87
4 51
1 68
4 26
2 84
2 50
4 61
4 88
4 4
1 86
3 87
4 93
2 75
3 76
4 67
2 47
1 50
3 46
1 34
2 39
1 46
1 33
4 45
4 2
4 21
1 9
3 17
4 88
4 10
1 92
3 42
4 42
2 40
1 9
4 17
95 70
60 40
4 69
37 62
42 77
27 83
43 61
70 19
55 79
57 9
22 89
33 37
3 40
9 81
64 75
59 55
26 76
47 41
46 61
30 14
7 27
25 2
41 15
39 17
60 72
25 78
28 5
58 10
53 92
35 45
6 63
15 10
29 76
54 18
44 27
62 75
10 47
8 73
63 90
38 29
51 97
21 28
11 94
55 25
18 94
56 68
24 86
16 59
1 42
10 41
18 26
34 25
32 2
18 73
13 23
19 98
52 2
20 36
40 40
28 9
13 17
8 12
21 7
36 49
8 68
69 29
65 8
56 51
67 69
1 25
48 67
23 37
39 0
31 98
27 33
29 16
13 85
28 83
50 34
29 96
66 40
14 40
68 28
56 72
17 63
7 54
55 72
12 33
45 100
49 47
38 54
63 71
61 72
5 88
33 98
2 95
43 3
1 33
2 78
2 5
2 85
1 33
2 35
3 63
2 39
1 27
3 92
3 67
3 20
1 54
3 54
2 49
2 22
3 10
3 78
3 73
1 77
2 82
3 78
1 64
1 55
3 73
1 89
3 67
3 11
2 53
2 44
1 77
1 72
1 11
3 70
2 96
1 36
3 47
1 51
3 56
3 60
2 71
2 28
3 91
89 40
20 0
28 72
40 37
17 52
2 21
33 14
3 93
20 27
26 37
29 55
13 94
37 81
21 56
1 10
9 90
5 84
1 97
40 64
4 89
2 84
35 70
11 58
16 93
27 24
1 62
38 36
7 12
15 46
13 100
29 13
5 91
18 58
32 78
36 75
3 98
38 74
2 94
8 48
14 27
32 96
25 1
2 99
25 56
11 54
10 0
24 88
19 75
30 3
20 33
37 43
34 91
38 29
31 0
14 86
16 44
12 52
31 80
6 88
23 56
13 91
37 41
40 53
12 7
22 48
8 71
24 16
20 67
37 84
16 56
6 94
36 79
10 70
33 95
12 59
16 76
22 9
4 88
4 89
31 13
35 11
39 47
12 18
27 20
22 28
28 27
35 15
32 14
9 24
24 90
40 21
12 93
3 3
15 70
12 34
16 10
11 100
7 97
3 65
15 9
1 68
12 66
8 61
7 69
17 18
1 59
11 24
10 80
9 62
4 50
5 32
20 57
19 2
15 62
8 40
2 2
18 24
10 0
10 53
6 66
16 57
6 92
21 20
17 48
14 39
6 51
5 60
16 24
1 11
13 73
21 18
43 35
9 93
7 9
3 84
3 59
17 6
2 77
30 92
29 92
11 97
13 38
33 95
13 87
20 59
25 8
24 21
13 45
16 9
23 61
9 98
22 54
6 33
21 41
15 5
17 3
8 2
10 72
12 59
18 31
3 94
28 80
29 68
35 14
27 59
19 99
14 14
26 73
32 74
4 97
5 58
31 90
32 16
1 40
34 9
49 13
3 71
5 69
6 84
7 51
5 77
9 45
4 75
7 51
4 60
2 47
7 74
1 94
2 13
2 60
13 85
1 59
7 15
10 73
3 44
7 0
12 52
13 46
10 71
4 11
1 9
9 39
6 94
2 45
4 0
1 45
6 0
5 63
3 58
1 7
3 78
9 89
8 39
8 49
9 49
6 3
4 89
4 81
2 33
11 24
11 50
8 41
2 54
1 86
8 73
90 81
51 55
15 18
62 9
76 82
50 64
80 31
70 17
3 53
67 39
81 61
45 81
59 95
30 14
55 80
72 49
19 91
52 95
53 19
66 60
39 59
38 14
9 1
8 25
30 47
60 46
58 56
49 76
78 60
40 52
31 2
37 11
37 13
57 45
13 39
2 64
12 2
77 54
33 76
24 44
5 24
79 85
73 65
21 99
17 16
36 57
74 82
35 25
47 48
1 16
20 62
65 51
29 13
32 17
46 34
48 27
42 36
58 17
27 21
46 78
18 70
44 61
56 62
26 13
4 41
11 36
45 23
14 50
16 50
26 47
71 13
75 75
64 35
43 53
41 58
7 72
69 76
23 91
63 43
36 6
25 73
61 81
68 58
21 3
6 14
28 21
34 57
22 5
10 61
55 48
54 97
53 53
34 85
26 85
20 13
36 66
23 94
48 42
15 74
1 14
12 17
3 21
28 44
14 91
44 71
10 97
25 45
13 16
41 31
11 37
33 26
22 29
53 90
31 9
35 85
27 75
37 79
49 36
52 42
47 40
40 20
18 77
9 66
8 1
43 63
7 38
17 63
32 50
45 1
50 92
16 98
38 91
6 64
29 98
2 22
24 18
39 88
42 70
46 43
19 5
5 89
51 55
21 43
30 54
4 95
58 8
3 97
1 12
8 28
7 41
2 92
7 65
6 94
3 62
8 93
4 79
6 90
4 72
8 7
4 45
4 1
2 98
3 44
2 60
6 21
6 5
7 66
1 17
1 94
4 58
5 81
8 23
2 70
5 3
2 64
2 51
7 8
6 58
6 95
7 61
5 88
6 5
8 77
8 90
1 81
7 86
7 75
4 73
2 98
6 10
3 31
2 88
3 93
5 16
5 81
2 22
7 81
7 35
5 65
7 86
1 70
2 31
4 100
4 91
56 12
9 62
6 29
3 81
5 80
2 60
11 65
5 3
6 54
6 32
1 6
4 13
2 18
7 28
6 54
2 39
10 80
1 97
11 93
7 46
5 41
5 44
7 18
8 85
9 47
8 32
9 10
3 9
10 8
6 11
9 21
12 89
4 27
7 68
8 8
11 73
8 57
7 47
7 94
10 54
5 63
8 35
8 26
1 56
8 0
4 64
9 76
1 87
6 77
12 4
2 86
1 48
3 12
8 79
11 58
12 80
8 31
89 57
51 84
25 11
33 16
42 17
9 5
23 62
1 4
51 12
25 92
14 57
3 30
30 80
20 38
49 66
7 42
36 15
24 14
48 21
26 97
42 25
39 3
11 81
57 11
4 81
8 3
26 83
12 38
50 21
18 26
6 63
45 73
50 47
11 81
51 24
29 90
35 71
52 42
21 59
46 75
25 0
37 15
45 24
48 87
44 45
54 58
13 75
33 15
15 100
48 20
16 93
47 28
50 72
53 64
46 95
36 12
29 76
55 2
7 0
22 17
10 9
45 38
15 48
19 34
17 31
56 99
27 65
51 47
2 11
41 80
22 83
40 41
6 32
31 85
55 61
8 90
51 52
5 20
49 27
43 74
38 78
4 17
21 67
34 11
32 75
17 73
32 71
28 15
50 1
31 58
53 2
2 10
1 29
1 69
1 55
2 72
1 73
2 31
2 99
1 94
2 47
2 2
2 83
2 32
2 75
2 82
2 16
1 87
1 28
1 79
1 77
2 28
2 0
2 61
1 74
1 0
2 65
2 33
2 0
1 59
1 69
2 15
1 43
1 48
2 22
1 88
1 45
2 50
2 24
1 81
1 27
1 8
1 24
1 70
1 31
2 26
1 23
1 46
2 66
1 26
1 30
2 56
2 95
1 43
63 54
15 51
3 82
25 33
18 52
7 16
31 78
48 23
37 1
4 53
10 99
41 60
9 91
19 16
35 55
36 85
24 31
43 82
1 42
39 47
20 13
3 19
33 65
30 97
44 81
49 5
27 7
52 13
17 16
47 91
38 78
16 30
15 60
34 94
50 33
40 26
32 68
21 14
11 99
14 34
24 57
51 82
29 21
26 0
42 55
54 92
7 15
53 95
22 39
49 100
45 79
44 8
50 11
2 39
22 40
12 76
33 17
46 57
23 61
6 98
28 81
8 83
5 26
13 86
73 53
51 12
27 55
39 26
42 88
32 17
39 52
9 57
13 61
46 48
6 84
32 5
34 37
15 50
13 85
4 40
6 77
19 42
2 55
14 55
33 84
8 67
47 58
12 53
47 41
3 93
20 69
8 15
26 58
37 61
7 55
53 23
24 80
50 3
21 55
47 60
45 10
43 59
40 43
11 58
26 71
27 56
52 85
18 84
36 48
23 17
1 4
25 41
38 36
22 8
6 60
5 95
16 35
35 65
44 41
24 68
49 86
48 43
1 15
10 98
15 40
9 47
42 9
28 44
30 49
16 87
23 27
28 14
3 56
41 43
17 28
29 13
48 4
31 75
94 71
33 82
10 57
6 69
52 36
71 28
12 88
19 67
49 55
50 41
28 60
34 34
68 76
26 53
53 79
23 4
31 3
3 25
7 64
43 47
24 58
57 53
23 82
5 18
59 13
69 28
61 81
44 56
20 19
63 92
42 17
37 64
71 64
11 40
35 26
55 72
27 19
34 65
8 58
21 96
62 97
16 88
40 13
43 95
18 55
61 9
68 90
11 50
54 89
2 57
64 23
30 69
29 24
50 17
27 67
65 40
51 78
64 91
46 38
46 45
64 34
48 12
45 58
60 89
42 44
18 74
10 0
15 68
31 81
25 51
52 28
56 65
58 92
34 75
13 52
24 18
66 67
1 53
17 34
4 51
22 64
67 24
15 39
9 12
41 25
35 68
70 69
47 65
36 99
41 45
32 5
14 65
62 50
39 93
38 60
85 22
17 67
20 29
18 92
18 4
1 82
1 30
21 11
10 87
19 32
21 63
14 85
6 68
22 7
15 24
9 56
22 8
14 10
2 28
10 51
14 20
10 97
8 74
5 51
12 100
19 10
12 77
5 51
21 90
10 63
11 1
18 46
11 16
5 52
17 17
5 32
7 0
4 81
4 64
7 23
6 73
16 90
7 0
6 20
12 29
15 79
3 45
7 36
14 23
13 86
20 18
18 63
17 78
14 64
4 17
6 46
17 20
17 92
7 99
17 18
18 93
8 32
9 22
10 55
3 81
20 32
4 53
8 37
15 92
4 30
13 98
19 37
16 87
12 48
4 46
9 8
7 27
14 5
12 32
21 84
2 36
21 76
11 77
22 40
15 95
12 27
94 56
5 12
24 74
49 85
42 57
3 80
27 36
25 13
54 33
18 100
54 32
47 46
13 52
7 82
1 75
56 56
28 10
4 28
7 7
11 78
13 23
52 4
54 95
38 79
11 54
40 4
2 49
51 66
8 52
6 56
15 28
14 55
9 60
33 92
7 83
47 82
55 94
47 70
45 42
50 22
35 76
7 68
19 63
30 55
30 69
41 64
21 71
53 8
36 74
41 97
36 62
44 44
37 88
14 93
24 59
55 65
1 7
7 19
21 46
17 22
7 19
12 57
22 62
54 31
49 37
16 85
26 27
39 34
43 50
45 10
1 28
25 34
1 20
41 2
2 50
2 78
5 89
48 28
34 38
46 66
23 62
52 10
20 14
56 8
22 36
20 14
30 64
29 72
4 25
19 53
34 72
32 27
10 87
31 65
13 13
70 16
3 59
2 34
7 11
13 42
14 80
13 15
1 25
7 89
2 58
9 2
5 5
7 71
12 62
5 91
3 1
5 86
3 90
14 85
10 85
4 63
14 97
5 70
7 61
14 23
8 0
1 40
11 1
1 90
1 89
13 100
16 22
9 100
12 0
13 8
10 78
5 63
6 86
8 44
11 58
1 75
9 37
1 24
13 81
11 13
8 5
15 85
8 2
6 79
13 30
16 16
16 81
15 86
8 55
7 59
16 36
8 46
9 90
1 38
13 5
12 72
10 20
9 69
6 38
2 44
7 31
4 27
6 87
3 14
13 61
10 23
100 60
1 61
2 59
25 52
57 9
41 33
48 55
23 4
36 97
33 71
24 49
42 47
23 60
27 34
60 54
50 43
35 53
43 43
53 0
48 49
20 38
34 52
54 43
32 68
56 65
9 85
50 66
21 75
42 7
59 90
17 16
2 80
18 40
58 60
10 27
19 25
8 14
11 79
44 11
7 59
26 90
32 12
37 61
9 24
4 30
39 66
55 62
45 30
13 92
5 1
47 65
31 37
11 25
22 67
45 90
36 74
46 91
30 70
27 14
12 57
58 66
8 70
35 31
6 19
48 19
31 33
49 15
54 85
4 89
13 10
40 22
39 79
45 100
46 20
10 66
18 56
38 21
15 28
44 41
33 65
16 7
59 2
32 11
52 63
31 68
18 23
29 0
47 0
3 68
3 25
30 5
28 56
45 45
1 42
51 61
29 54
43 73
14 8
55 83
4 43
23 22
100 13
13 61
7 60
1 37
2 75
11 77
4 46
7 48
10 69
4 25
7 83
7 14
9 73
9 25
5 61
1 89
2 42
10 34
11 4
11 59
2 93
3 47
11 83
12 9
4 69
7 96
5 13
8 42
9 65
5 89
5 60
6 45
8 88
10 53
2 33
3 94
7 47
2 94
5 76
10 45
6 8
5 5
1 55
13 65
11 62
8 82
8 19
1 50
4 85
12 75
1 53
7 4
13 74
12 86
3 70
11 7
10 97
1 10
10 39
7 5
7 8
11 6
10 66
3 83
13 83
11 89
12 52
13 70
12 79
6 4
7 99
4 95
6 38
11 20
2 30
1 39
1 47
11 89
6 85
4 65
9 16
4 51
8 55
13 1
9 9
8 43
5 75
6 34
5 64
1 77
6 50
3 14
9 81
5 7
5 59
1 83
7 56
3 75
10 100
12 39
4 50
100 31
14 18
10 18
19 42
6 8
25 66
13 38
2 27
2 64
8 22
7 10
2 78
6 3
1 30
1 22
2 61
16 7
12 19
27 67
7 35
23 14
29 70
19 21
6 67
12 50
17 45
27 34
8 67
25 86
14 98
31 24
16 54
7 73
22 16
18 39
10 81
17 67
14 77
28 58
26 64
8 52
31 48
9 40
30 24
28 16
20 49
24 18
20 33
9 35
8 33
11 40
8 34
18 65
13 71
21 72
4 4
25 76
11 32
4 51
17 44
9 67
7 32
19 20
23 90
29 50
7 43
20 3
29 38
18 88
3 70
21 84
30 63
15 46
20 25
18 77
15 12
1 41
16 22
5 77
25 33
17 75
20 44
21 59
2 37
20 33
27 26
24 7
25 48
13 8
8 98
1 49
6 93
21 45
24 14
28 13
5 43
10 35
29 93
9 68
25 92
15 18
100 1
1 92
1 59
1 59
1 56
1 19
1 40
1 81
1 76
1 36
1 22
1 17
1 46
1 72
1 93
1 69
1 36
1 10
1 9
1 79
1 86
1 73
1 54
1 10
1 60
1 9
1 48
1 64
1 78
1 63
1 12
1 90
1 85
1 18
1 18
1 40
1 5
1 57
1 87
1 96
1 78
1 71
1 69
1 44
1 76
1 58
1 70
1 41
1 66
1 0
1 95
1 69
1 89
1 82
1 72
1 6
1 12
1 47
1 11
1 38
1 47
1 67
1 54
1 81
1 80
1 40
1 27
1 96
1 94
1 26
1 88
1 8
1 33
1 40
1 44
1 38
1 47
1 84
1 59
1 92
1 95
1 58
1 49
1 46
1 29
1 80
1 57
1 54
1 68
1 93
1 43
1 16
1 82
1 60
1 54
1 62
1 2
1 88
1 84
1 71
1 45
100 44
31 77
9 30
5 43
7 1
42 70
2 98
2 42
22 2
22 78
36 53
35 2
36 34
2 53
2 8
12 32
40 62
30 60
14 19
3 14
16 58
44 11
9 94
3 69
43 66
36 37
27 62
18 90
34 76
41 90
19 77
39 77
1 54
12 70
19 35
28 83
31 90
1 16
6 43
5 28
3 47
36 47
8 40
36 45
34 74
13 37
44 51
9 7
4 83
3 77
32 41
36 8
7 61
38 65
39 28
24 2
40 8
28 47
19 66
44 36
17 73
32 64
42 86
34 97
15 80
42 1
20 92
37 65
39 56
8 28
28 85
6 91
24 82
40 42
16 78
11 84
25 81
33 4
35 35
43 18
29 25
21 74
29 84
20 11
43 68
26 100
8 29
3 80
13 32
16 59
1 72
32 70
23 26
43 15
17 72
10 55
29 6
26 91
44 38
4 55
23 75
100 44
6 26
32 1
33 16
29 6
40 96
42 69
37 90
36 97
39 91
21 11
44 12
44 69
28 72
1 81
4 85
31 75
38 21
36 49
8 3
34 83
13 42
42 48
2 86
15 69
19 10
31 74
34 34
40 80
7 58
41 20
10 48
16 9
9 51
3 16
43 9
11 36
26 8
22 67
23 18
35 36
35 19
44 56
33 1
16 50
41 58
18 99
1 100
3 48
1 49
26 38
13 50
26 38
36 97
39 90
23 38
40 9
25 10
11 52
39 33
13 26
35 42
12 57
18 1
37 17
30 33
42 82
38 22
32 24
43 29
12 66
37 31
40 31
44 11
12 21
14 81
6 30
2 15
28 35
12 41
17 15
30 85
9 98
30 40
17 48
27 28
13 1
4 9
19 71
5 86
19 64
44 99
28 40
7 98
14 95
33 71
20 50
19 43
24 82
42 6
9 100
100 37
10 100
10 33
14 51
14 32
26 54
3 56
31 49
17 23
33 17
16 81
22 9
14 43
23 11
30 18
32 42
34 44
26 65
27 41
25 91
4 66
3 96
22 81
22 51
5 59
23 7
8 10
6 42
21 62
29 92
30 92
17 5
14 88
35 44
32 69
12 82
20 39
32 75
28 10
10 43
18 31
9 16
22 18
33 13
6 30
23 52
19 12
34 50
23 26
15 26
32 70
1 56
20 71
6 45
16 20
22 19
11 18
23 71
7 21
3 85
36 1
20 1
5 97
19 9
17 6
33 75
15 22
11 9
32 83
11 11
29 80
27 84
12 58
26 87
13 16
19 75
24 58
24 88
8 75
13 57
2 93
16 61
2 69
28 2
18 1
31 72
28 28
22 67
25 59
18 25
28 58
14 26
27 21
20 49
29 95
25 44
11 94
37 46
31 27
21 70
36 23
100 39
19 55
7 66
15 38
10 24
10 99
15 26
9 43
14 15
36 40
29 43
37 21
32 2
2 87
21 30
32 6
11 70
22 43
28 78
3 85
30 5
27 77
37 23
7 11
3 4
24 10
9 59
22 16
8 21
12 83
10 96
33 57
28 11
11 82
26 47
33 79
34 95
38 95
25 44
15 22
3 65
38 18
4 86
9 80
34 2
25 84
24 88
4 67
32 64
3 60
12 42
18 21
35 54
1 14
24 80
36 9
24 52
2 64
21 95
39 83
34 64
33 12
16 8
28 26
17 56
35 36
29 73
6 4
18 40
26 99
23 59
38 12
27 37
39 42
38 75
28 65
23 36
5 72
25 65
32 27
23 59
33 60
20 4
21 4
32 64
31 60
30 18
1 83
4 56
34 55
15 17
18 61
13 91
26 79
30 98
29 25
13 7
25 87
39 79
35 95
20 13
100 25
1 54
17 56
7 98
10 93
18 40
14 72
9 25
6 23
23 21
21 82
4 28
8 0
14 24
4 58
5 23
14 92
25 1
12 7
24 66
2 75
18 20
25 93
7 14
16 49
9 81
3 23
7 90
2 75
21 25
10 68
14 88
18 33
6 68
2 89
22 17
21 13
18 24
16 71
24 82
9 65
7 52
2 77
8 66
21 65
24 63
3 9
21 31
20 1
11 32
20 90
25 63
20 32
7 74
17 16
25 42
20 31
3 48
1 1
24 94
23 40
9 7
24 13
10 46
9 13
18 64
15 57
10 56
15 32
11 15
13 65
11 97
4 83
1 87
9 58
25 53
23 32
5 84
7 50
20 39
5 65
9 37
23 8
23 6
2 18
19 23
24 63
15 22
17 46
11 20
21 64
10 27
9 79
8 45
2 79
8 51
8 60
14 73
6 9
18 11
1 65
100 22
17 58
4 60
16 67
5 26
22 86
10 21
6 47
22 40
22 71
12 100
3 87
21 0
14 53
4 34
8 45
8 39
19 45
17 57
11 85
21 75
13 2
21 43
13 74
16 95
14 20
3 60
15 59
21 86
20 30
22 48
7 57
5 38
7 96
12 8
5 78
5 11
1 15
16 30
11 69
20 84
18 64
11 53
6 100
6 13
6 66
15 3
8 33
9 29
14 4
7 28
6 44
2 7
1 83
22 23
13 90
4 88
14 69
8 6
12 48
3 95
21 52
3 51
10 98
19 95
5 27
8 72
21 98
21 97
9 95
7 33
10 88
12 66
14 33
9 43
9 80
10 42
11 17
7 8
3 72
20 22
18 42
8 85
13 89
3 76
10 11
5 68
19 51
4 49
11 65
20 79
9 97
9 17
5 78
5 10
20 10
6 34
12 62
14 70
11 87
16 8
7 1
1 7
1 4
1 6
1 9
1 8
1 2
1 0
9 1
1 10
1 5
1 3
1 5
1 9
1 8
1 4
1 8
1 8
4 4
1 2
2 10
4 3
3 10
3 1
1 9
1 6
1 6
4 4
3 8
1 4
2 4
4 7
6 1
1 8
1 8
1 0
1 8
1 10
1 8
2 2
1 0
2 4
4 2
1 3
2 1
1 5
2 10
9 4
1 8
2 1
3 9
3 2
1 10
3 9
3 5
4 4
4 4
10 2
2 2
1 0
1 6
1 1
1 2
1 9
2 1
1 4
1 7
2 7
0 0
