30.0000
1.0000
18.1667
717.7857
50.5000
50.0000
18.1667
0.0000
0.0000
98.5000
882.5000
856.8750
242.5000
296.5979
918.6451
34.7384
21.5811
157.0000
350.6000
24.0000
255.0833
120.8524
0.0000
644.3952
814.1921
371.8548
85.0000
0.0000
205.6667
235.1612
693.2776
709.9710
127.4566
401.0500
61.0000
0.0000
863.0500
471.2797
0.0000
623.5465
171.6597
581.6667
861.0000
0.0000
439.9423
485.7538
1.5538
31.2405
850.0717
4.0000
0.0000
270.8828
233.7475
446.6914
17.8825
160.4824
782.7796
48.0000
925.0000
559.6637
520.9397
427.0858
233.6250
612.6208
15.4901
0.0000
351.8443
132.1000
94.0054
537.9017
247.2627
618.2704
920.6870
310.1923
761.2857
61.0000
139.8824
872.4238
180.3023
366.8317
177.4416
375.0000
11.0000
9.0000
0.0000
712.0120
752.8239
220.0196
56.3869
2.0000
193.2593
0.0000
392.5000
857.7093
3.2074
2.0838
414.4111
693.0625
95.0000
577.4500
0.0000
0.0000
